
 **** DERIVATIVE DATABASE ****    
+DDB, Version number    100401

 DDB file merged by PhononFlow on Thu Jul  6 15:24:34 2017

    usepaw         1
     natom         4
      nkpt       256
    nsppol         1
      nsym       192
    ntypat         1
    occopt         3
     nband        48
     acell  0.10000000000000D+01  0.10000000000000D+01  0.10000000000000D+01
       amu  0.63546000000000D+02
   dilatmx  0.10000000000000D+01
      ecut  0.25000000000000D+02
 pawecutdg  0.50000000000000D+02
    ecutsm  0.00000000000000D+00
     intxc         0
      iscf         7
       ixc     -1009
       kpt  0.62500000000000D-01  0.62500000000000D-01  0.62500000000000D-01
            0.18750000000000D+00  0.62500000000000D-01  0.62500000000000D-01
            0.31250000000000D+00  0.62500000000000D-01  0.62500000000000D-01
            0.43750000000000D+00  0.62500000000000D-01  0.62500000000000D-01
           -0.43750000000000D+00  0.62500000000000D-01  0.62500000000000D-01
           -0.31250000000000D+00  0.62500000000000D-01  0.62500000000000D-01
           -0.18750000000000D+00  0.62500000000000D-01  0.62500000000000D-01
           -0.62500000000000D-01  0.62500000000000D-01  0.62500000000000D-01
            0.62500000000000D-01  0.18750000000000D+00  0.62500000000000D-01
            0.18750000000000D+00  0.18750000000000D+00  0.62500000000000D-01
            0.31250000000000D+00  0.18750000000000D+00  0.62500000000000D-01
            0.43750000000000D+00  0.18750000000000D+00  0.62500000000000D-01
           -0.43750000000000D+00  0.18750000000000D+00  0.62500000000000D-01
           -0.31250000000000D+00  0.18750000000000D+00  0.62500000000000D-01
           -0.18750000000000D+00  0.18750000000000D+00  0.62500000000000D-01
           -0.62500000000000D-01  0.18750000000000D+00  0.62500000000000D-01
            0.62500000000000D-01  0.31250000000000D+00  0.62500000000000D-01
            0.18750000000000D+00  0.31250000000000D+00  0.62500000000000D-01
            0.31250000000000D+00  0.31250000000000D+00  0.62500000000000D-01
            0.43750000000000D+00  0.31250000000000D+00  0.62500000000000D-01
           -0.43750000000000D+00  0.31250000000000D+00  0.62500000000000D-01
           -0.31250000000000D+00  0.31250000000000D+00  0.62500000000000D-01
           -0.18750000000000D+00  0.31250000000000D+00  0.62500000000000D-01
           -0.62500000000000D-01  0.31250000000000D+00  0.62500000000000D-01
            0.62500000000000D-01  0.43750000000000D+00  0.62500000000000D-01
            0.18750000000000D+00  0.43750000000000D+00  0.62500000000000D-01
            0.31250000000000D+00  0.43750000000000D+00  0.62500000000000D-01
            0.43750000000000D+00  0.43750000000000D+00  0.62500000000000D-01
           -0.43750000000000D+00  0.43750000000000D+00  0.62500000000000D-01
           -0.31250000000000D+00  0.43750000000000D+00  0.62500000000000D-01
           -0.18750000000000D+00  0.43750000000000D+00  0.62500000000000D-01
           -0.62500000000000D-01  0.43750000000000D+00  0.62500000000000D-01
            0.62500000000000D-01 -0.43750000000000D+00  0.62500000000000D-01
            0.18750000000000D+00 -0.43750000000000D+00  0.62500000000000D-01
            0.31250000000000D+00 -0.43750000000000D+00  0.62500000000000D-01
            0.43750000000000D+00 -0.43750000000000D+00  0.62500000000000D-01
           -0.43750000000000D+00 -0.43750000000000D+00  0.62500000000000D-01
           -0.31250000000000D+00 -0.43750000000000D+00  0.62500000000000D-01
           -0.18750000000000D+00 -0.43750000000000D+00  0.62500000000000D-01
           -0.62500000000000D-01 -0.43750000000000D+00  0.62500000000000D-01
            0.62500000000000D-01 -0.31250000000000D+00  0.62500000000000D-01
            0.18750000000000D+00 -0.31250000000000D+00  0.62500000000000D-01
            0.31250000000000D+00 -0.31250000000000D+00  0.62500000000000D-01
            0.43750000000000D+00 -0.31250000000000D+00  0.62500000000000D-01
           -0.43750000000000D+00 -0.31250000000000D+00  0.62500000000000D-01
           -0.31250000000000D+00 -0.31250000000000D+00  0.62500000000000D-01
           -0.18750000000000D+00 -0.31250000000000D+00  0.62500000000000D-01
           -0.62500000000000D-01 -0.31250000000000D+00  0.62500000000000D-01
            0.62500000000000D-01 -0.18750000000000D+00  0.62500000000000D-01
            0.18750000000000D+00 -0.18750000000000D+00  0.62500000000000D-01
            0.31250000000000D+00 -0.18750000000000D+00  0.62500000000000D-01
            0.43750000000000D+00 -0.18750000000000D+00  0.62500000000000D-01
           -0.43750000000000D+00 -0.18750000000000D+00  0.62500000000000D-01
           -0.31250000000000D+00 -0.18750000000000D+00  0.62500000000000D-01
           -0.18750000000000D+00 -0.18750000000000D+00  0.62500000000000D-01
           -0.62500000000000D-01 -0.18750000000000D+00  0.62500000000000D-01
            0.62500000000000D-01 -0.62500000000000D-01  0.62500000000000D-01
            0.18750000000000D+00 -0.62500000000000D-01  0.62500000000000D-01
            0.31250000000000D+00 -0.62500000000000D-01  0.62500000000000D-01
            0.43750000000000D+00 -0.62500000000000D-01  0.62500000000000D-01
           -0.43750000000000D+00 -0.62500000000000D-01  0.62500000000000D-01
           -0.31250000000000D+00 -0.62500000000000D-01  0.62500000000000D-01
           -0.18750000000000D+00 -0.62500000000000D-01  0.62500000000000D-01
           -0.62500000000000D-01 -0.62500000000000D-01  0.62500000000000D-01
            0.62500000000000D-01  0.62500000000000D-01  0.18750000000000D+00
            0.18750000000000D+00  0.62500000000000D-01  0.18750000000000D+00
            0.31250000000000D+00  0.62500000000000D-01  0.18750000000000D+00
            0.43750000000000D+00  0.62500000000000D-01  0.18750000000000D+00
           -0.43750000000000D+00  0.62500000000000D-01  0.18750000000000D+00
           -0.31250000000000D+00  0.62500000000000D-01  0.18750000000000D+00
           -0.18750000000000D+00  0.62500000000000D-01  0.18750000000000D+00
           -0.62500000000000D-01  0.62500000000000D-01  0.18750000000000D+00
            0.62500000000000D-01  0.18750000000000D+00  0.18750000000000D+00
            0.18750000000000D+00  0.18750000000000D+00  0.18750000000000D+00
            0.31250000000000D+00  0.18750000000000D+00  0.18750000000000D+00
            0.43750000000000D+00  0.18750000000000D+00  0.18750000000000D+00
           -0.43750000000000D+00  0.18750000000000D+00  0.18750000000000D+00
           -0.31250000000000D+00  0.18750000000000D+00  0.18750000000000D+00
           -0.18750000000000D+00  0.18750000000000D+00  0.18750000000000D+00
           -0.62500000000000D-01  0.18750000000000D+00  0.18750000000000D+00
            0.62500000000000D-01  0.31250000000000D+00  0.18750000000000D+00
            0.18750000000000D+00  0.31250000000000D+00  0.18750000000000D+00
            0.31250000000000D+00  0.31250000000000D+00  0.18750000000000D+00
            0.43750000000000D+00  0.31250000000000D+00  0.18750000000000D+00
           -0.43750000000000D+00  0.31250000000000D+00  0.18750000000000D+00
           -0.31250000000000D+00  0.31250000000000D+00  0.18750000000000D+00
           -0.18750000000000D+00  0.31250000000000D+00  0.18750000000000D+00
           -0.62500000000000D-01  0.31250000000000D+00  0.18750000000000D+00
            0.62500000000000D-01  0.43750000000000D+00  0.18750000000000D+00
            0.18750000000000D+00  0.43750000000000D+00  0.18750000000000D+00
            0.31250000000000D+00  0.43750000000000D+00  0.18750000000000D+00
            0.43750000000000D+00  0.43750000000000D+00  0.18750000000000D+00
           -0.43750000000000D+00  0.43750000000000D+00  0.18750000000000D+00
           -0.31250000000000D+00  0.43750000000000D+00  0.18750000000000D+00
           -0.18750000000000D+00  0.43750000000000D+00  0.18750000000000D+00
           -0.62500000000000D-01  0.43750000000000D+00  0.18750000000000D+00
            0.62500000000000D-01 -0.43750000000000D+00  0.18750000000000D+00
            0.18750000000000D+00 -0.43750000000000D+00  0.18750000000000D+00
            0.31250000000000D+00 -0.43750000000000D+00  0.18750000000000D+00
            0.43750000000000D+00 -0.43750000000000D+00  0.18750000000000D+00
           -0.43750000000000D+00 -0.43750000000000D+00  0.18750000000000D+00
           -0.31250000000000D+00 -0.43750000000000D+00  0.18750000000000D+00
           -0.18750000000000D+00 -0.43750000000000D+00  0.18750000000000D+00
           -0.62500000000000D-01 -0.43750000000000D+00  0.18750000000000D+00
            0.62500000000000D-01 -0.31250000000000D+00  0.18750000000000D+00
            0.18750000000000D+00 -0.31250000000000D+00  0.18750000000000D+00
            0.31250000000000D+00 -0.31250000000000D+00  0.18750000000000D+00
            0.43750000000000D+00 -0.31250000000000D+00  0.18750000000000D+00
           -0.43750000000000D+00 -0.31250000000000D+00  0.18750000000000D+00
           -0.31250000000000D+00 -0.31250000000000D+00  0.18750000000000D+00
           -0.18750000000000D+00 -0.31250000000000D+00  0.18750000000000D+00
           -0.62500000000000D-01 -0.31250000000000D+00  0.18750000000000D+00
            0.62500000000000D-01 -0.18750000000000D+00  0.18750000000000D+00
            0.18750000000000D+00 -0.18750000000000D+00  0.18750000000000D+00
            0.31250000000000D+00 -0.18750000000000D+00  0.18750000000000D+00
            0.43750000000000D+00 -0.18750000000000D+00  0.18750000000000D+00
           -0.43750000000000D+00 -0.18750000000000D+00  0.18750000000000D+00
           -0.31250000000000D+00 -0.18750000000000D+00  0.18750000000000D+00
           -0.18750000000000D+00 -0.18750000000000D+00  0.18750000000000D+00
           -0.62500000000000D-01 -0.18750000000000D+00  0.18750000000000D+00
            0.62500000000000D-01 -0.62500000000000D-01  0.18750000000000D+00
            0.18750000000000D+00 -0.62500000000000D-01  0.18750000000000D+00
            0.31250000000000D+00 -0.62500000000000D-01  0.18750000000000D+00
            0.43750000000000D+00 -0.62500000000000D-01  0.18750000000000D+00
           -0.43750000000000D+00 -0.62500000000000D-01  0.18750000000000D+00
           -0.31250000000000D+00 -0.62500000000000D-01  0.18750000000000D+00
           -0.18750000000000D+00 -0.62500000000000D-01  0.18750000000000D+00
           -0.62500000000000D-01 -0.62500000000000D-01  0.18750000000000D+00
            0.62500000000000D-01  0.62500000000000D-01  0.31250000000000D+00
            0.18750000000000D+00  0.62500000000000D-01  0.31250000000000D+00
            0.31250000000000D+00  0.62500000000000D-01  0.31250000000000D+00
            0.43750000000000D+00  0.62500000000000D-01  0.31250000000000D+00
           -0.43750000000000D+00  0.62500000000000D-01  0.31250000000000D+00
           -0.31250000000000D+00  0.62500000000000D-01  0.31250000000000D+00
           -0.18750000000000D+00  0.62500000000000D-01  0.31250000000000D+00
           -0.62500000000000D-01  0.62500000000000D-01  0.31250000000000D+00
            0.62500000000000D-01  0.18750000000000D+00  0.31250000000000D+00
            0.18750000000000D+00  0.18750000000000D+00  0.31250000000000D+00
            0.31250000000000D+00  0.18750000000000D+00  0.31250000000000D+00
            0.43750000000000D+00  0.18750000000000D+00  0.31250000000000D+00
           -0.43750000000000D+00  0.18750000000000D+00  0.31250000000000D+00
           -0.31250000000000D+00  0.18750000000000D+00  0.31250000000000D+00
           -0.18750000000000D+00  0.18750000000000D+00  0.31250000000000D+00
           -0.62500000000000D-01  0.18750000000000D+00  0.31250000000000D+00
            0.62500000000000D-01  0.31250000000000D+00  0.31250000000000D+00
            0.18750000000000D+00  0.31250000000000D+00  0.31250000000000D+00
            0.31250000000000D+00  0.31250000000000D+00  0.31250000000000D+00
            0.43750000000000D+00  0.31250000000000D+00  0.31250000000000D+00
           -0.43750000000000D+00  0.31250000000000D+00  0.31250000000000D+00
           -0.31250000000000D+00  0.31250000000000D+00  0.31250000000000D+00
           -0.18750000000000D+00  0.31250000000000D+00  0.31250000000000D+00
           -0.62500000000000D-01  0.31250000000000D+00  0.31250000000000D+00
            0.62500000000000D-01  0.43750000000000D+00  0.31250000000000D+00
            0.18750000000000D+00  0.43750000000000D+00  0.31250000000000D+00
            0.31250000000000D+00  0.43750000000000D+00  0.31250000000000D+00
            0.43750000000000D+00  0.43750000000000D+00  0.31250000000000D+00
           -0.43750000000000D+00  0.43750000000000D+00  0.31250000000000D+00
           -0.31250000000000D+00  0.43750000000000D+00  0.31250000000000D+00
           -0.18750000000000D+00  0.43750000000000D+00  0.31250000000000D+00
           -0.62500000000000D-01  0.43750000000000D+00  0.31250000000000D+00
            0.62500000000000D-01 -0.43750000000000D+00  0.31250000000000D+00
            0.18750000000000D+00 -0.43750000000000D+00  0.31250000000000D+00
            0.31250000000000D+00 -0.43750000000000D+00  0.31250000000000D+00
            0.43750000000000D+00 -0.43750000000000D+00  0.31250000000000D+00
           -0.43750000000000D+00 -0.43750000000000D+00  0.31250000000000D+00
           -0.31250000000000D+00 -0.43750000000000D+00  0.31250000000000D+00
           -0.18750000000000D+00 -0.43750000000000D+00  0.31250000000000D+00
           -0.62500000000000D-01 -0.43750000000000D+00  0.31250000000000D+00
            0.62500000000000D-01 -0.31250000000000D+00  0.31250000000000D+00
            0.18750000000000D+00 -0.31250000000000D+00  0.31250000000000D+00
            0.31250000000000D+00 -0.31250000000000D+00  0.31250000000000D+00
            0.43750000000000D+00 -0.31250000000000D+00  0.31250000000000D+00
           -0.43750000000000D+00 -0.31250000000000D+00  0.31250000000000D+00
           -0.31250000000000D+00 -0.31250000000000D+00  0.31250000000000D+00
           -0.18750000000000D+00 -0.31250000000000D+00  0.31250000000000D+00
           -0.62500000000000D-01 -0.31250000000000D+00  0.31250000000000D+00
            0.62500000000000D-01 -0.18750000000000D+00  0.31250000000000D+00
            0.18750000000000D+00 -0.18750000000000D+00  0.31250000000000D+00
            0.31250000000000D+00 -0.18750000000000D+00  0.31250000000000D+00
            0.43750000000000D+00 -0.18750000000000D+00  0.31250000000000D+00
           -0.43750000000000D+00 -0.18750000000000D+00  0.31250000000000D+00
           -0.31250000000000D+00 -0.18750000000000D+00  0.31250000000000D+00
           -0.18750000000000D+00 -0.18750000000000D+00  0.31250000000000D+00
           -0.62500000000000D-01 -0.18750000000000D+00  0.31250000000000D+00
            0.62500000000000D-01 -0.62500000000000D-01  0.31250000000000D+00
            0.18750000000000D+00 -0.62500000000000D-01  0.31250000000000D+00
            0.31250000000000D+00 -0.62500000000000D-01  0.31250000000000D+00
            0.43750000000000D+00 -0.62500000000000D-01  0.31250000000000D+00
           -0.43750000000000D+00 -0.62500000000000D-01  0.31250000000000D+00
           -0.31250000000000D+00 -0.62500000000000D-01  0.31250000000000D+00
           -0.18750000000000D+00 -0.62500000000000D-01  0.31250000000000D+00
           -0.62500000000000D-01 -0.62500000000000D-01  0.31250000000000D+00
            0.62500000000000D-01  0.62500000000000D-01  0.43750000000000D+00
            0.18750000000000D+00  0.62500000000000D-01  0.43750000000000D+00
            0.31250000000000D+00  0.62500000000000D-01  0.43750000000000D+00
            0.43750000000000D+00  0.62500000000000D-01  0.43750000000000D+00
           -0.43750000000000D+00  0.62500000000000D-01  0.43750000000000D+00
           -0.31250000000000D+00  0.62500000000000D-01  0.43750000000000D+00
           -0.18750000000000D+00  0.62500000000000D-01  0.43750000000000D+00
           -0.62500000000000D-01  0.62500000000000D-01  0.43750000000000D+00
            0.62500000000000D-01  0.18750000000000D+00  0.43750000000000D+00
            0.18750000000000D+00  0.18750000000000D+00  0.43750000000000D+00
            0.31250000000000D+00  0.18750000000000D+00  0.43750000000000D+00
            0.43750000000000D+00  0.18750000000000D+00  0.43750000000000D+00
           -0.43750000000000D+00  0.18750000000000D+00  0.43750000000000D+00
           -0.31250000000000D+00  0.18750000000000D+00  0.43750000000000D+00
           -0.18750000000000D+00  0.18750000000000D+00  0.43750000000000D+00
           -0.62500000000000D-01  0.18750000000000D+00  0.43750000000000D+00
            0.62500000000000D-01  0.31250000000000D+00  0.43750000000000D+00
            0.18750000000000D+00  0.31250000000000D+00  0.43750000000000D+00
            0.31250000000000D+00  0.31250000000000D+00  0.43750000000000D+00
            0.43750000000000D+00  0.31250000000000D+00  0.43750000000000D+00
           -0.43750000000000D+00  0.31250000000000D+00  0.43750000000000D+00
           -0.31250000000000D+00  0.31250000000000D+00  0.43750000000000D+00
           -0.18750000000000D+00  0.31250000000000D+00  0.43750000000000D+00
           -0.62500000000000D-01  0.31250000000000D+00  0.43750000000000D+00
            0.62500000000000D-01  0.43750000000000D+00  0.43750000000000D+00
            0.18750000000000D+00  0.43750000000000D+00  0.43750000000000D+00
            0.31250000000000D+00  0.43750000000000D+00  0.43750000000000D+00
            0.43750000000000D+00  0.43750000000000D+00  0.43750000000000D+00
           -0.43750000000000D+00  0.43750000000000D+00  0.43750000000000D+00
           -0.31250000000000D+00  0.43750000000000D+00  0.43750000000000D+00
           -0.18750000000000D+00  0.43750000000000D+00  0.43750000000000D+00
           -0.62500000000000D-01  0.43750000000000D+00  0.43750000000000D+00
            0.62500000000000D-01 -0.43750000000000D+00  0.43750000000000D+00
            0.18750000000000D+00 -0.43750000000000D+00  0.43750000000000D+00
            0.31250000000000D+00 -0.43750000000000D+00  0.43750000000000D+00
            0.43750000000000D+00 -0.43750000000000D+00  0.43750000000000D+00
           -0.43750000000000D+00 -0.43750000000000D+00  0.43750000000000D+00
           -0.31250000000000D+00 -0.43750000000000D+00  0.43750000000000D+00
           -0.18750000000000D+00 -0.43750000000000D+00  0.43750000000000D+00
           -0.62500000000000D-01 -0.43750000000000D+00  0.43750000000000D+00
            0.62500000000000D-01 -0.31250000000000D+00  0.43750000000000D+00
            0.18750000000000D+00 -0.31250000000000D+00  0.43750000000000D+00
            0.31250000000000D+00 -0.31250000000000D+00  0.43750000000000D+00
            0.43750000000000D+00 -0.31250000000000D+00  0.43750000000000D+00
           -0.43750000000000D+00 -0.31250000000000D+00  0.43750000000000D+00
           -0.31250000000000D+00 -0.31250000000000D+00  0.43750000000000D+00
           -0.18750000000000D+00 -0.31250000000000D+00  0.43750000000000D+00
           -0.62500000000000D-01 -0.31250000000000D+00  0.43750000000000D+00
            0.62500000000000D-01 -0.18750000000000D+00  0.43750000000000D+00
            0.18750000000000D+00 -0.18750000000000D+00  0.43750000000000D+00
            0.31250000000000D+00 -0.18750000000000D+00  0.43750000000000D+00
            0.43750000000000D+00 -0.18750000000000D+00  0.43750000000000D+00
           -0.43750000000000D+00 -0.18750000000000D+00  0.43750000000000D+00
           -0.31250000000000D+00 -0.18750000000000D+00  0.43750000000000D+00
           -0.18750000000000D+00 -0.18750000000000D+00  0.43750000000000D+00
           -0.62500000000000D-01 -0.18750000000000D+00  0.43750000000000D+00
            0.62500000000000D-01 -0.62500000000000D-01  0.43750000000000D+00
            0.18750000000000D+00 -0.62500000000000D-01  0.43750000000000D+00
            0.31250000000000D+00 -0.62500000000000D-01  0.43750000000000D+00
            0.43750000000000D+00 -0.62500000000000D-01  0.43750000000000D+00
           -0.43750000000000D+00 -0.62500000000000D-01  0.43750000000000D+00
           -0.31250000000000D+00 -0.62500000000000D-01  0.43750000000000D+00
           -0.18750000000000D+00 -0.62500000000000D-01  0.43750000000000D+00
           -0.62500000000000D-01 -0.62500000000000D-01  0.43750000000000D+00
    kptnrm  0.10000000000000D+01
     ngfft        30   30   30
    nspden         1
   nspinor         1
       occ  0.20000000000000D+01  0.20000000000000D+01  0.20000000000000D+01
            0.20000000000000D+01  0.20000000000000D+01  0.20000000000000D+01
            0.20000000000000D+01  0.20000000000000D+01  0.20000000000000D+01
            0.20000000000000D+01  0.20000000000000D+01  0.20000000000000D+01
            0.20000000000000D+01  0.20000000000000D+01  0.20000000000000D+01
            0.20000000000000D+01  0.20000000000000D+01  0.20000000000000D+01
            0.20000000000000D+01  0.20000000000000D+01  0.20000000000000D+01
            0.20000000000000D+01  0.20000000000000D+01  0.20000000000000D+01
            0.20000000000000D+01  0.20000000000000D+01  0.19999999998651D+01
            0.19999999998651D+01  0.19999999463147D+01  0.19999999462945D+01
            0.19999999462945D+01  0.19999999423909D+01  0.19999999423909D+01
            0.19999999423819D+01  0.19999996066364D+01  0.19999996065731D+01
            0.19999996065731D+01  0.22399471692000D-05  0.22399471661731D-05
            0.22398941340367D-05  0.00000000000000D+00  0.00000000000000D+00
            0.00000000000000D+00  0.00000000000000D+00  0.00000000000000D+00
            0.00000000000000D+00  0.00000000000000D+00  0.00000000000000D+00
     rprim  0.66496845345000D+01  0.00000000000000D+00  0.00000000000000D+00
            0.00000000000000D+00  0.66496845345000D+01  0.00000000000000D+00
            0.00000000000000D+00  0.00000000000000D+00  0.66496845345000D+01
  dfpt_sciss  0.00000000000000D+00
    spinat  0.00000000000000D+00  0.00000000000000D+00  0.00000000000000D+00
            0.00000000000000D+00  0.00000000000000D+00  0.00000000000000D+00
            0.00000000000000D+00  0.00000000000000D+00  0.00000000000000D+00
            0.00000000000000D+00  0.00000000000000D+00  0.00000000000000D+00
    symafm         1    1    1    1    1    1    1    1    1    1    1    1
                   1    1    1    1    1    1    1    1    1    1    1    1
                   1    1    1    1    1    1    1    1    1    1    1    1
                   1    1    1    1    1    1    1    1    1    1    1    1
                   1    1    1    1    1    1    1    1    1    1    1    1
                   1    1    1    1    1    1    1    1    1    1    1    1
                   1    1    1    1    1    1    1    1    1    1    1    1
                   1    1    1    1    1    1    1    1    1    1    1    1
                   1    1    1    1    1    1    1    1    1    1    1    1
                   1    1    1    1    1    1    1    1    1    1    1    1
                   1    1    1    1    1    1    1    1    1    1    1    1
                   1    1    1    1    1    1    1    1    1    1    1    1
                   1    1    1    1    1    1    1    1    1    1    1    1
                   1    1    1    1    1    1    1    1    1    1    1    1
                   1    1    1    1    1    1    1    1    1    1    1    1
                   1    1    1    1    1    1    1    1    1    1    1    1
    symrel         1    0    0    0    1    0    0    0    1
                   1    0    0    0    1    0    0    0    1
                   1    0    0    0    1    0    0    0    1
                   1    0    0    0    1    0    0    0    1
                  -1    0    0    0   -1    0    0    0   -1
                  -1    0    0    0   -1    0    0    0   -1
                  -1    0    0    0   -1    0    0    0   -1
                  -1    0    0    0   -1    0    0    0   -1
                  -1    0    0    0    1    0    0    0   -1
                  -1    0    0    0    1    0    0    0   -1
                  -1    0    0    0    1    0    0    0   -1
                  -1    0    0    0    1    0    0    0   -1
                   1    0    0    0   -1    0    0    0    1
                   1    0    0    0   -1    0    0    0    1
                   1    0    0    0   -1    0    0    0    1
                   1    0    0    0   -1    0    0    0    1
                  -1    0    0    0   -1    0    0    0    1
                  -1    0    0    0   -1    0    0    0    1
                  -1    0    0    0   -1    0    0    0    1
                  -1    0    0    0   -1    0    0    0    1
                   1    0    0    0    1    0    0    0   -1
                   1    0    0    0    1    0    0    0   -1
                   1    0    0    0    1    0    0    0   -1
                   1    0    0    0    1    0    0    0   -1
                   1    0    0    0   -1    0    0    0   -1
                   1    0    0    0   -1    0    0    0   -1
                   1    0    0    0   -1    0    0    0   -1
                   1    0    0    0   -1    0    0    0   -1
                  -1    0    0    0    1    0    0    0    1
                  -1    0    0    0    1    0    0    0    1
                  -1    0    0    0    1    0    0    0    1
                  -1    0    0    0    1    0    0    0    1
                   0    1    0    1    0    0    0    0    1
                   0    1    0    1    0    0    0    0    1
                   0    1    0    1    0    0    0    0    1
                   0    1    0    1    0    0    0    0    1
                   0   -1    0   -1    0    0    0    0   -1
                   0   -1    0   -1    0    0    0    0   -1
                   0   -1    0   -1    0    0    0    0   -1
                   0   -1    0   -1    0    0    0    0   -1
                   0   -1    0    1    0    0    0    0   -1
                   0   -1    0    1    0    0    0    0   -1
                   0   -1    0    1    0    0    0    0   -1
                   0   -1    0    1    0    0    0    0   -1
                   0    1    0   -1    0    0    0    0    1
                   0    1    0   -1    0    0    0    0    1
                   0    1    0   -1    0    0    0    0    1
                   0    1    0   -1    0    0    0    0    1
                   0   -1    0   -1    0    0    0    0    1
                   0   -1    0   -1    0    0    0    0    1
                   0   -1    0   -1    0    0    0    0    1
                   0   -1    0   -1    0    0    0    0    1
                   0    1    0    1    0    0    0    0   -1
                   0    1    0    1    0    0    0    0   -1
                   0    1    0    1    0    0    0    0   -1
                   0    1    0    1    0    0    0    0   -1
                   0    1    0   -1    0    0    0    0   -1
                   0    1    0   -1    0    0    0    0   -1
                   0    1    0   -1    0    0    0    0   -1
                   0    1    0   -1    0    0    0    0   -1
                   0   -1    0    1    0    0    0    0    1
                   0   -1    0    1    0    0    0    0    1
                   0   -1    0    1    0    0    0    0    1
                   0   -1    0    1    0    0    0    0    1
                   0    0    1    1    0    0    0    1    0
                   0    0    1    1    0    0    0    1    0
                   0    0    1    1    0    0    0    1    0
                   0    0    1    1    0    0    0    1    0
                   0    0   -1   -1    0    0    0   -1    0
                   0    0   -1   -1    0    0    0   -1    0
                   0    0   -1   -1    0    0    0   -1    0
                   0    0   -1   -1    0    0    0   -1    0
                   0    0   -1    1    0    0    0   -1    0
                   0    0   -1    1    0    0    0   -1    0
                   0    0   -1    1    0    0    0   -1    0
                   0    0   -1    1    0    0    0   -1    0
                   0    0    1   -1    0    0    0    1    0
                   0    0    1   -1    0    0    0    1    0
                   0    0    1   -1    0    0    0    1    0
                   0    0    1   -1    0    0    0    1    0
                   0    0   -1   -1    0    0    0    1    0
                   0    0   -1   -1    0    0    0    1    0
                   0    0   -1   -1    0    0    0    1    0
                   0    0   -1   -1    0    0    0    1    0
                   0    0    1    1    0    0    0   -1    0
                   0    0    1    1    0    0    0   -1    0
                   0    0    1    1    0    0    0   -1    0
                   0    0    1    1    0    0    0   -1    0
                   0    0    1   -1    0    0    0   -1    0
                   0    0    1   -1    0    0    0   -1    0
                   0    0    1   -1    0    0    0   -1    0
                   0    0    1   -1    0    0    0   -1    0
                   0    0   -1    1    0    0    0    1    0
                   0    0   -1    1    0    0    0    1    0
                   0    0   -1    1    0    0    0    1    0
                   0    0   -1    1    0    0    0    1    0
                   1    0    0    0    0    1    0    1    0
                   1    0    0    0    0    1    0    1    0
                   1    0    0    0    0    1    0    1    0
                   1    0    0    0    0    1    0    1    0
                  -1    0    0    0    0   -1    0   -1    0
                  -1    0    0    0    0   -1    0   -1    0
                  -1    0    0    0    0   -1    0   -1    0
                  -1    0    0    0    0   -1    0   -1    0
                  -1    0    0    0    0    1    0   -1    0
                  -1    0    0    0    0    1    0   -1    0
                  -1    0    0    0    0    1    0   -1    0
                  -1    0    0    0    0    1    0   -1    0
                   1    0    0    0    0   -1    0    1    0
                   1    0    0    0    0   -1    0    1    0
                   1    0    0    0    0   -1    0    1    0
                   1    0    0    0    0   -1    0    1    0
                  -1    0    0    0    0   -1    0    1    0
                  -1    0    0    0    0   -1    0    1    0
                  -1    0    0    0    0   -1    0    1    0
                  -1    0    0    0    0   -1    0    1    0
                   1    0    0    0    0    1    0   -1    0
                   1    0    0    0    0    1    0   -1    0
                   1    0    0    0    0    1    0   -1    0
                   1    0    0    0    0    1    0   -1    0
                   1    0    0    0    0   -1    0   -1    0
                   1    0    0    0    0   -1    0   -1    0
                   1    0    0    0    0   -1    0   -1    0
                   1    0    0    0    0   -1    0   -1    0
                  -1    0    0    0    0    1    0    1    0
                  -1    0    0    0    0    1    0    1    0
                  -1    0    0    0    0    1    0    1    0
                  -1    0    0    0    0    1    0    1    0
                   0    1    0    0    0    1    1    0    0
                   0    1    0    0    0    1    1    0    0
                   0    1    0    0    0    1    1    0    0
                   0    1    0    0    0    1    1    0    0
                   0   -1    0    0    0   -1   -1    0    0
                   0   -1    0    0    0   -1   -1    0    0
                   0   -1    0    0    0   -1   -1    0    0
                   0   -1    0    0    0   -1   -1    0    0
                   0   -1    0    0    0    1   -1    0    0
                   0   -1    0    0    0    1   -1    0    0
                   0   -1    0    0    0    1   -1    0    0
                   0   -1    0    0    0    1   -1    0    0
                   0    1    0    0    0   -1    1    0    0
                   0    1    0    0    0   -1    1    0    0
                   0    1    0    0    0   -1    1    0    0
                   0    1    0    0    0   -1    1    0    0
                   0   -1    0    0    0   -1    1    0    0
                   0   -1    0    0    0   -1    1    0    0
                   0   -1    0    0    0   -1    1    0    0
                   0   -1    0    0    0   -1    1    0    0
                   0    1    0    0    0    1   -1    0    0
                   0    1    0    0    0    1   -1    0    0
                   0    1    0    0    0    1   -1    0    0
                   0    1    0    0    0    1   -1    0    0
                   0    1    0    0    0   -1   -1    0    0
                   0    1    0    0    0   -1   -1    0    0
                   0    1    0    0    0   -1   -1    0    0
                   0    1    0    0    0   -1   -1    0    0
                   0   -1    0    0    0    1    1    0    0
                   0   -1    0    0    0    1    1    0    0
                   0   -1    0    0    0    1    1    0    0
                   0   -1    0    0    0    1    1    0    0
                   0    0    1    0    1    0    1    0    0
                   0    0    1    0    1    0    1    0    0
                   0    0    1    0    1    0    1    0    0
                   0    0    1    0    1    0    1    0    0
                   0    0   -1    0   -1    0   -1    0    0
                   0    0   -1    0   -1    0   -1    0    0
                   0    0   -1    0   -1    0   -1    0    0
                   0    0   -1    0   -1    0   -1    0    0
                   0    0   -1    0    1    0   -1    0    0
                   0    0   -1    0    1    0   -1    0    0
                   0    0   -1    0    1    0   -1    0    0
                   0    0   -1    0    1    0   -1    0    0
                   0    0    1    0   -1    0    1    0    0
                   0    0    1    0   -1    0    1    0    0
                   0    0    1    0   -1    0    1    0    0
                   0    0    1    0   -1    0    1    0    0
                   0    0   -1    0   -1    0    1    0    0
                   0    0   -1    0   -1    0    1    0    0
                   0    0   -1    0   -1    0    1    0    0
                   0    0   -1    0   -1    0    1    0    0
                   0    0    1    0    1    0   -1    0    0
                   0    0    1    0    1    0   -1    0    0
                   0    0    1    0    1    0   -1    0    0
                   0    0    1    0    1    0   -1    0    0
                   0    0    1    0   -1    0   -1    0    0
                   0    0    1    0   -1    0   -1    0    0
                   0    0    1    0   -1    0   -1    0    0
                   0    0    1    0   -1    0   -1    0    0
                   0    0   -1    0    1    0    1    0    0
                   0    0   -1    0    1    0    1    0    0
                   0    0   -1    0    1    0    1    0    0
                   0    0   -1    0    1    0    1    0    0
     tnons  0.00000000000000D+00  0.00000000000000D+00  0.00000000000000D+00
            0.50000000000000D+00  0.50000000000000D+00  0.00000000000000D+00
            0.50000000000000D+00  0.00000000000000D+00  0.50000000000000D+00
            0.00000000000000D+00  0.50000000000000D+00  0.50000000000000D+00
            0.00000000000000D+00  0.00000000000000D+00  0.00000000000000D+00
            0.50000000000000D+00  0.50000000000000D+00  0.00000000000000D+00
            0.50000000000000D+00  0.00000000000000D+00  0.50000000000000D+00
            0.00000000000000D+00  0.50000000000000D+00  0.50000000000000D+00
            0.00000000000000D+00  0.00000000000000D+00  0.00000000000000D+00
            0.50000000000000D+00  0.50000000000000D+00  0.00000000000000D+00
            0.50000000000000D+00  0.00000000000000D+00  0.50000000000000D+00
            0.00000000000000D+00  0.50000000000000D+00  0.50000000000000D+00
            0.00000000000000D+00  0.00000000000000D+00  0.00000000000000D+00
            0.50000000000000D+00  0.50000000000000D+00  0.00000000000000D+00
            0.50000000000000D+00  0.00000000000000D+00  0.50000000000000D+00
            0.00000000000000D+00  0.50000000000000D+00  0.50000000000000D+00
            0.00000000000000D+00  0.00000000000000D+00  0.00000000000000D+00
            0.50000000000000D+00  0.50000000000000D+00  0.00000000000000D+00
            0.50000000000000D+00  0.00000000000000D+00  0.50000000000000D+00
            0.00000000000000D+00  0.50000000000000D+00  0.50000000000000D+00
            0.00000000000000D+00  0.00000000000000D+00  0.00000000000000D+00
            0.50000000000000D+00  0.50000000000000D+00  0.00000000000000D+00
            0.50000000000000D+00  0.00000000000000D+00  0.50000000000000D+00
            0.00000000000000D+00  0.50000000000000D+00  0.50000000000000D+00
            0.00000000000000D+00  0.00000000000000D+00  0.00000000000000D+00
            0.50000000000000D+00  0.50000000000000D+00  0.00000000000000D+00
            0.50000000000000D+00  0.00000000000000D+00  0.50000000000000D+00
            0.00000000000000D+00  0.50000000000000D+00  0.50000000000000D+00
            0.00000000000000D+00  0.00000000000000D+00  0.00000000000000D+00
            0.50000000000000D+00  0.50000000000000D+00  0.00000000000000D+00
            0.50000000000000D+00  0.00000000000000D+00  0.50000000000000D+00
            0.00000000000000D+00  0.50000000000000D+00  0.50000000000000D+00
            0.00000000000000D+00  0.00000000000000D+00  0.00000000000000D+00
            0.50000000000000D+00  0.50000000000000D+00  0.00000000000000D+00
            0.50000000000000D+00  0.00000000000000D+00  0.50000000000000D+00
            0.00000000000000D+00  0.50000000000000D+00  0.50000000000000D+00
            0.00000000000000D+00  0.00000000000000D+00  0.00000000000000D+00
            0.50000000000000D+00  0.50000000000000D+00  0.00000000000000D+00
            0.50000000000000D+00  0.00000000000000D+00  0.50000000000000D+00
            0.00000000000000D+00  0.50000000000000D+00  0.50000000000000D+00
            0.00000000000000D+00  0.00000000000000D+00  0.00000000000000D+00
            0.50000000000000D+00  0.50000000000000D+00  0.00000000000000D+00
            0.50000000000000D+00  0.00000000000000D+00  0.50000000000000D+00
            0.00000000000000D+00  0.50000000000000D+00  0.50000000000000D+00
            0.00000000000000D+00  0.00000000000000D+00  0.00000000000000D+00
            0.50000000000000D+00  0.50000000000000D+00  0.00000000000000D+00
            0.50000000000000D+00  0.00000000000000D+00  0.50000000000000D+00
            0.00000000000000D+00  0.50000000000000D+00  0.50000000000000D+00
            0.00000000000000D+00  0.00000000000000D+00  0.00000000000000D+00
            0.50000000000000D+00  0.50000000000000D+00  0.00000000000000D+00
            0.50000000000000D+00  0.00000000000000D+00  0.50000000000000D+00
            0.00000000000000D+00  0.50000000000000D+00  0.50000000000000D+00
            0.00000000000000D+00  0.00000000000000D+00  0.00000000000000D+00
            0.50000000000000D+00  0.50000000000000D+00  0.00000000000000D+00
            0.50000000000000D+00  0.00000000000000D+00  0.50000000000000D+00
            0.00000000000000D+00  0.50000000000000D+00  0.50000000000000D+00
            0.00000000000000D+00  0.00000000000000D+00  0.00000000000000D+00
            0.50000000000000D+00  0.50000000000000D+00  0.00000000000000D+00
            0.50000000000000D+00  0.00000000000000D+00  0.50000000000000D+00
            0.00000000000000D+00  0.50000000000000D+00  0.50000000000000D+00
            0.00000000000000D+00  0.00000000000000D+00  0.00000000000000D+00
            0.50000000000000D+00  0.50000000000000D+00  0.00000000000000D+00
            0.50000000000000D+00  0.00000000000000D+00  0.50000000000000D+00
            0.00000000000000D+00  0.50000000000000D+00  0.50000000000000D+00
            0.00000000000000D+00  0.00000000000000D+00  0.00000000000000D+00
            0.50000000000000D+00  0.50000000000000D+00  0.00000000000000D+00
            0.50000000000000D+00  0.00000000000000D+00  0.50000000000000D+00
            0.00000000000000D+00  0.50000000000000D+00  0.50000000000000D+00
            0.00000000000000D+00  0.00000000000000D+00  0.00000000000000D+00
            0.50000000000000D+00  0.50000000000000D+00  0.00000000000000D+00
            0.50000000000000D+00  0.00000000000000D+00  0.50000000000000D+00
            0.00000000000000D+00  0.50000000000000D+00  0.50000000000000D+00
            0.00000000000000D+00  0.00000000000000D+00  0.00000000000000D+00
            0.50000000000000D+00  0.50000000000000D+00  0.00000000000000D+00
            0.50000000000000D+00  0.00000000000000D+00  0.50000000000000D+00
            0.00000000000000D+00  0.50000000000000D+00  0.50000000000000D+00
            0.00000000000000D+00  0.00000000000000D+00  0.00000000000000D+00
            0.50000000000000D+00  0.50000000000000D+00  0.00000000000000D+00
            0.50000000000000D+00  0.00000000000000D+00  0.50000000000000D+00
            0.00000000000000D+00  0.50000000000000D+00  0.50000000000000D+00
            0.00000000000000D+00  0.00000000000000D+00  0.00000000000000D+00
            0.50000000000000D+00  0.50000000000000D+00  0.00000000000000D+00
            0.50000000000000D+00  0.00000000000000D+00  0.50000000000000D+00
            0.00000000000000D+00  0.50000000000000D+00  0.50000000000000D+00
            0.00000000000000D+00  0.00000000000000D+00  0.00000000000000D+00
            0.50000000000000D+00  0.50000000000000D+00  0.00000000000000D+00
            0.50000000000000D+00  0.00000000000000D+00  0.50000000000000D+00
            0.00000000000000D+00  0.50000000000000D+00  0.50000000000000D+00
            0.00000000000000D+00  0.00000000000000D+00  0.00000000000000D+00
            0.50000000000000D+00  0.50000000000000D+00  0.00000000000000D+00
            0.50000000000000D+00  0.00000000000000D+00  0.50000000000000D+00
            0.00000000000000D+00  0.50000000000000D+00  0.50000000000000D+00
            0.00000000000000D+00  0.00000000000000D+00  0.00000000000000D+00
            0.50000000000000D+00  0.50000000000000D+00  0.00000000000000D+00
            0.50000000000000D+00  0.00000000000000D+00  0.50000000000000D+00
            0.00000000000000D+00  0.50000000000000D+00  0.50000000000000D+00
            0.00000000000000D+00  0.00000000000000D+00  0.00000000000000D+00
            0.50000000000000D+00  0.50000000000000D+00  0.00000000000000D+00
            0.50000000000000D+00  0.00000000000000D+00  0.50000000000000D+00
            0.00000000000000D+00  0.50000000000000D+00  0.50000000000000D+00
            0.00000000000000D+00  0.00000000000000D+00  0.00000000000000D+00
            0.50000000000000D+00  0.50000000000000D+00  0.00000000000000D+00
            0.50000000000000D+00  0.00000000000000D+00  0.50000000000000D+00
            0.00000000000000D+00  0.50000000000000D+00  0.50000000000000D+00
            0.00000000000000D+00  0.00000000000000D+00  0.00000000000000D+00
            0.50000000000000D+00  0.50000000000000D+00  0.00000000000000D+00
            0.50000000000000D+00  0.00000000000000D+00  0.50000000000000D+00
            0.00000000000000D+00  0.50000000000000D+00  0.50000000000000D+00
            0.00000000000000D+00  0.00000000000000D+00  0.00000000000000D+00
            0.50000000000000D+00  0.50000000000000D+00  0.00000000000000D+00
            0.50000000000000D+00  0.00000000000000D+00  0.50000000000000D+00
            0.00000000000000D+00  0.50000000000000D+00  0.50000000000000D+00
            0.00000000000000D+00  0.00000000000000D+00  0.00000000000000D+00
            0.50000000000000D+00  0.50000000000000D+00  0.00000000000000D+00
            0.50000000000000D+00  0.00000000000000D+00  0.50000000000000D+00
            0.00000000000000D+00  0.50000000000000D+00  0.50000000000000D+00
            0.00000000000000D+00  0.00000000000000D+00  0.00000000000000D+00
            0.50000000000000D+00  0.50000000000000D+00  0.00000000000000D+00
            0.50000000000000D+00  0.00000000000000D+00  0.50000000000000D+00
            0.00000000000000D+00  0.50000000000000D+00  0.50000000000000D+00
            0.00000000000000D+00  0.00000000000000D+00  0.00000000000000D+00
            0.50000000000000D+00  0.50000000000000D+00  0.00000000000000D+00
            0.50000000000000D+00  0.00000000000000D+00  0.50000000000000D+00
            0.00000000000000D+00  0.50000000000000D+00  0.50000000000000D+00
            0.00000000000000D+00  0.00000000000000D+00  0.00000000000000D+00
            0.50000000000000D+00  0.50000000000000D+00  0.00000000000000D+00
            0.50000000000000D+00  0.00000000000000D+00  0.50000000000000D+00
            0.00000000000000D+00  0.50000000000000D+00  0.50000000000000D+00
            0.00000000000000D+00  0.00000000000000D+00  0.00000000000000D+00
            0.50000000000000D+00  0.50000000000000D+00  0.00000000000000D+00
            0.50000000000000D+00  0.00000000000000D+00  0.50000000000000D+00
            0.00000000000000D+00  0.50000000000000D+00  0.50000000000000D+00
            0.00000000000000D+00  0.00000000000000D+00  0.00000000000000D+00
            0.50000000000000D+00  0.50000000000000D+00  0.00000000000000D+00
            0.50000000000000D+00  0.00000000000000D+00  0.50000000000000D+00
            0.00000000000000D+00  0.50000000000000D+00  0.50000000000000D+00
            0.00000000000000D+00  0.00000000000000D+00  0.00000000000000D+00
            0.50000000000000D+00  0.50000000000000D+00  0.00000000000000D+00
            0.50000000000000D+00  0.00000000000000D+00  0.50000000000000D+00
            0.00000000000000D+00  0.50000000000000D+00  0.50000000000000D+00
            0.00000000000000D+00  0.00000000000000D+00  0.00000000000000D+00
            0.50000000000000D+00  0.50000000000000D+00  0.00000000000000D+00
            0.50000000000000D+00  0.00000000000000D+00  0.50000000000000D+00
            0.00000000000000D+00  0.50000000000000D+00  0.50000000000000D+00
            0.00000000000000D+00  0.00000000000000D+00  0.00000000000000D+00
            0.50000000000000D+00  0.50000000000000D+00  0.00000000000000D+00
            0.50000000000000D+00  0.00000000000000D+00  0.50000000000000D+00
            0.00000000000000D+00  0.50000000000000D+00  0.50000000000000D+00
            0.00000000000000D+00  0.00000000000000D+00  0.00000000000000D+00
            0.50000000000000D+00  0.50000000000000D+00  0.00000000000000D+00
            0.50000000000000D+00  0.00000000000000D+00  0.50000000000000D+00
            0.00000000000000D+00  0.50000000000000D+00  0.50000000000000D+00
            0.00000000000000D+00  0.00000000000000D+00  0.00000000000000D+00
            0.50000000000000D+00  0.50000000000000D+00  0.00000000000000D+00
            0.50000000000000D+00  0.00000000000000D+00  0.50000000000000D+00
            0.00000000000000D+00  0.50000000000000D+00  0.50000000000000D+00
            0.00000000000000D+00  0.00000000000000D+00  0.00000000000000D+00
            0.50000000000000D+00  0.50000000000000D+00  0.00000000000000D+00
            0.50000000000000D+00  0.00000000000000D+00  0.50000000000000D+00
            0.00000000000000D+00  0.50000000000000D+00  0.50000000000000D+00
            0.00000000000000D+00  0.00000000000000D+00  0.00000000000000D+00
            0.50000000000000D+00  0.50000000000000D+00  0.00000000000000D+00
            0.50000000000000D+00  0.00000000000000D+00  0.50000000000000D+00
            0.00000000000000D+00  0.50000000000000D+00  0.50000000000000D+00
            0.00000000000000D+00  0.00000000000000D+00  0.00000000000000D+00
            0.50000000000000D+00  0.50000000000000D+00  0.00000000000000D+00
            0.50000000000000D+00  0.00000000000000D+00  0.50000000000000D+00
            0.00000000000000D+00  0.50000000000000D+00  0.50000000000000D+00
            0.00000000000000D+00  0.00000000000000D+00  0.00000000000000D+00
            0.50000000000000D+00  0.50000000000000D+00  0.00000000000000D+00
            0.50000000000000D+00  0.00000000000000D+00  0.50000000000000D+00
            0.00000000000000D+00  0.50000000000000D+00  0.50000000000000D+00
            0.00000000000000D+00  0.00000000000000D+00  0.00000000000000D+00
            0.50000000000000D+00  0.50000000000000D+00  0.00000000000000D+00
            0.50000000000000D+00  0.00000000000000D+00  0.50000000000000D+00
            0.00000000000000D+00  0.50000000000000D+00  0.50000000000000D+00
            0.00000000000000D+00  0.00000000000000D+00  0.00000000000000D+00
            0.50000000000000D+00  0.50000000000000D+00  0.00000000000000D+00
            0.50000000000000D+00  0.00000000000000D+00  0.50000000000000D+00
            0.00000000000000D+00  0.50000000000000D+00  0.50000000000000D+00
            0.00000000000000D+00  0.00000000000000D+00  0.00000000000000D+00
            0.50000000000000D+00  0.50000000000000D+00  0.00000000000000D+00
            0.50000000000000D+00  0.00000000000000D+00  0.50000000000000D+00
            0.00000000000000D+00  0.50000000000000D+00  0.50000000000000D+00
            0.00000000000000D+00  0.00000000000000D+00  0.00000000000000D+00
            0.50000000000000D+00  0.50000000000000D+00  0.00000000000000D+00
            0.50000000000000D+00  0.00000000000000D+00  0.50000000000000D+00
            0.00000000000000D+00  0.50000000000000D+00  0.50000000000000D+00
            0.00000000000000D+00  0.00000000000000D+00  0.00000000000000D+00
            0.50000000000000D+00  0.50000000000000D+00  0.00000000000000D+00
            0.50000000000000D+00  0.00000000000000D+00  0.50000000000000D+00
            0.00000000000000D+00  0.50000000000000D+00  0.50000000000000D+00
    tolwfr  0.10000000000000D+01
   tphysel  0.00000000000000D+00
    tsmear  0.36749322480000D-02
     typat         1    1    1    1
       wtk  0.39062500000000D-02  0.39062500000000D-02  0.39062500000000D-02
            0.39062500000000D-02  0.39062500000000D-02  0.39062500000000D-02
            0.39062500000000D-02  0.39062500000000D-02  0.39062500000000D-02
            0.39062500000000D-02  0.39062500000000D-02  0.39062500000000D-02
            0.39062500000000D-02  0.39062500000000D-02  0.39062500000000D-02
            0.39062500000000D-02  0.39062500000000D-02  0.39062500000000D-02
            0.39062500000000D-02  0.39062500000000D-02  0.39062500000000D-02
            0.39062500000000D-02  0.39062500000000D-02  0.39062500000000D-02
            0.39062500000000D-02  0.39062500000000D-02  0.39062500000000D-02
            0.39062500000000D-02  0.39062500000000D-02  0.39062500000000D-02
            0.39062500000000D-02  0.39062500000000D-02  0.39062500000000D-02
            0.39062500000000D-02  0.39062500000000D-02  0.39062500000000D-02
            0.39062500000000D-02  0.39062500000000D-02  0.39062500000000D-02
            0.39062500000000D-02  0.39062500000000D-02  0.39062500000000D-02
            0.39062500000000D-02  0.39062500000000D-02  0.39062500000000D-02
            0.39062500000000D-02  0.39062500000000D-02  0.39062500000000D-02
            0.39062500000000D-02  0.39062500000000D-02  0.39062500000000D-02
            0.39062500000000D-02  0.39062500000000D-02  0.39062500000000D-02
            0.39062500000000D-02  0.39062500000000D-02  0.39062500000000D-02
            0.39062500000000D-02  0.39062500000000D-02  0.39062500000000D-02
            0.39062500000000D-02  0.39062500000000D-02  0.39062500000000D-02
            0.39062500000000D-02  0.39062500000000D-02  0.39062500000000D-02
            0.39062500000000D-02  0.39062500000000D-02  0.39062500000000D-02
            0.39062500000000D-02  0.39062500000000D-02  0.39062500000000D-02
            0.39062500000000D-02  0.39062500000000D-02  0.39062500000000D-02
            0.39062500000000D-02  0.39062500000000D-02  0.39062500000000D-02
            0.39062500000000D-02  0.39062500000000D-02  0.39062500000000D-02
            0.39062500000000D-02  0.39062500000000D-02  0.39062500000000D-02
            0.39062500000000D-02  0.39062500000000D-02  0.39062500000000D-02
            0.39062500000000D-02  0.39062500000000D-02  0.39062500000000D-02
            0.39062500000000D-02  0.39062500000000D-02  0.39062500000000D-02
            0.39062500000000D-02  0.39062500000000D-02  0.39062500000000D-02
            0.39062500000000D-02  0.39062500000000D-02  0.39062500000000D-02
            0.39062500000000D-02  0.39062500000000D-02  0.39062500000000D-02
            0.39062500000000D-02  0.39062500000000D-02  0.39062500000000D-02
            0.39062500000000D-02  0.39062500000000D-02  0.39062500000000D-02
            0.39062500000000D-02  0.39062500000000D-02  0.39062500000000D-02
            0.39062500000000D-02  0.39062500000000D-02  0.39062500000000D-02
            0.39062500000000D-02  0.39062500000000D-02  0.39062500000000D-02
            0.39062500000000D-02  0.39062500000000D-02  0.39062500000000D-02
            0.39062500000000D-02  0.39062500000000D-02  0.39062500000000D-02
            0.39062500000000D-02  0.39062500000000D-02  0.39062500000000D-02
            0.39062500000000D-02  0.39062500000000D-02  0.39062500000000D-02
            0.39062500000000D-02  0.39062500000000D-02  0.39062500000000D-02
            0.39062500000000D-02  0.39062500000000D-02  0.39062500000000D-02
            0.39062500000000D-02  0.39062500000000D-02  0.39062500000000D-02
            0.39062500000000D-02  0.39062500000000D-02  0.39062500000000D-02
            0.39062500000000D-02  0.39062500000000D-02  0.39062500000000D-02
            0.39062500000000D-02  0.39062500000000D-02  0.39062500000000D-02
            0.39062500000000D-02  0.39062500000000D-02  0.39062500000000D-02
            0.39062500000000D-02  0.39062500000000D-02  0.39062500000000D-02
            0.39062500000000D-02  0.39062500000000D-02  0.39062500000000D-02
            0.39062500000000D-02  0.39062500000000D-02  0.39062500000000D-02
            0.39062500000000D-02  0.39062500000000D-02  0.39062500000000D-02
            0.39062500000000D-02  0.39062500000000D-02  0.39062500000000D-02
            0.39062500000000D-02  0.39062500000000D-02  0.39062500000000D-02
            0.39062500000000D-02  0.39062500000000D-02  0.39062500000000D-02
            0.39062500000000D-02  0.39062500000000D-02  0.39062500000000D-02
            0.39062500000000D-02  0.39062500000000D-02  0.39062500000000D-02
            0.39062500000000D-02  0.39062500000000D-02  0.39062500000000D-02
            0.39062500000000D-02  0.39062500000000D-02  0.39062500000000D-02
            0.39062500000000D-02  0.39062500000000D-02  0.39062500000000D-02
            0.39062500000000D-02  0.39062500000000D-02  0.39062500000000D-02
            0.39062500000000D-02  0.39062500000000D-02  0.39062500000000D-02
            0.39062500000000D-02  0.39062500000000D-02  0.39062500000000D-02
            0.39062500000000D-02  0.39062500000000D-02  0.39062500000000D-02
            0.39062500000000D-02  0.39062500000000D-02  0.39062500000000D-02
            0.39062500000000D-02  0.39062500000000D-02  0.39062500000000D-02
            0.39062500000000D-02  0.39062500000000D-02  0.39062500000000D-02
            0.39062500000000D-02  0.39062500000000D-02  0.39062500000000D-02
            0.39062500000000D-02  0.39062500000000D-02  0.39062500000000D-02
            0.39062500000000D-02  0.39062500000000D-02  0.39062500000000D-02
            0.39062500000000D-02  0.39062500000000D-02  0.39062500000000D-02
            0.39062500000000D-02  0.39062500000000D-02  0.39062500000000D-02
            0.39062500000000D-02  0.39062500000000D-02  0.39062500000000D-02
            0.39062500000000D-02  0.39062500000000D-02  0.39062500000000D-02
            0.39062500000000D-02  0.39062500000000D-02  0.39062500000000D-02
            0.39062500000000D-02  0.39062500000000D-02  0.39062500000000D-02
            0.39062500000000D-02  0.39062500000000D-02  0.39062500000000D-02
            0.39062500000000D-02  0.39062500000000D-02  0.39062500000000D-02
            0.39062500000000D-02  0.39062500000000D-02  0.39062500000000D-02
            0.39062500000000D-02  0.39062500000000D-02  0.39062500000000D-02
            0.39062500000000D-02  0.39062500000000D-02  0.39062500000000D-02
            0.39062500000000D-02  0.39062500000000D-02  0.39062500000000D-02
            0.39062500000000D-02  0.39062500000000D-02  0.39062500000000D-02
            0.39062500000000D-02
      xred  0.00000000000000D+00  0.00000000000000D+00  0.00000000000000D+00
            0.50000000000000D+00  0.50000000000000D+00  0.00000000000000D+00
            0.50000000000000D+00  0.00000000000000D+00  0.50000000000000D+00
            0.00000000000000D+00  0.50000000000000D+00  0.50000000000000D+00
     znucl  0.29000000000000D+02
      zion  0.19000000000000D+02
 
  Description of the PAW dataset(s)
  vrsio8 (for pseudopotentials)=100401
  usepaw =  1
  Atom type=   1 basis_size=  6   lmn_size=   18
    Basis functions= 0 0 1 1 2 2
    r_PAW=  1.510 shape_type=  3  r_shape=  1.510
    Dij0=     (only the  27 values different from zero)
       i    j     Dij0        i    j     Dij0        i    j     Dij0        i    j     Dij0
       1    1 -2.91717E-01    1    2 -1.20499E-01    2    2  1.14696E-01    3    3  5.68569E-01
       4    4  5.68569E-01    5    5  5.68569E-01    3    6 -3.18777E-01    6    6  1.11440E-01
       4    7 -3.18777E-01    7    7  1.11440E-01    5    8 -3.18777E-01    8    8  1.11440E-01
       9    9  2.22457E+00   10   10  2.22457E+00   11   11  2.22457E+00   12   12  2.22457E+00
      13   13  2.22457E+00    9   14 -1.85924E+00   14   14  1.42842E+00   10   15 -1.85924E+00
      15   15  1.42842E+00   11   16 -1.85924E+00   16   16  1.42842E+00   12   17 -1.85924E+00
      17   17  1.42842E+00   13   18 -1.85924E+00   18   18  1.42842E+00
 
 **** Database of total energy derivatives ****
 Number of data blocks=    4
  
 2nd derivatives (non-stat.)  - # elements :     198
 qpt  0.00000000E+00  0.00000000E+00  0.00000000E+00   1.0
   1   1   1   1  0.36551668795901D+01  0.00000000000000D+00
   2   1   1   1  0.16465170606670D-14  0.00000000000000D+00
   3   1   1   1  0.16465187215722D-14  0.00000000000000D+00
   1   2   1   1 -0.19263882983460D+01  0.00000000000000D+00
   2   2   1   1 -0.45945316304318D-14  0.00000000000000D+00
   3   2   1   1  0.21076321977014D-14  0.00000000000000D+00
   1   3   1   1 -0.19263882983458D+01  0.00000000000000D+00
   2   3   1   1  0.21027397353991D-14  0.00000000000000D+00
   3   3   1   1 -0.45945332914613D-14  0.00000000000000D+00
   1   4   1   1  0.74287804132496D-01  0.00000000000000D+00
   2   4   1   1  0.84527483436569D-15  0.00000000000000D+00
   3   4   1   1  0.84038237218771D-15  0.00000000000000D+00
   2   6   1   1  0.00000000000000D+00  0.00000000000000D+00
   3   6   1   1  0.00000000000000D+00  0.00000000000000D+00
   1   1   2   1  0.16465170606670D-14  0.00000000000000D+00
   2   1   2   1  0.36551668795937D+01  0.00000000000000D+00
   3   1   2   1  0.88218567747107D-14  0.00000000000000D+00
   1   2   2   1 -0.45945316304318D-14  0.00000000000000D+00
   2   2   2   1 -0.19263882983450D+01  0.00000000000000D+00
   3   2   2   1 -0.17733223666766D-15  0.00000000000000D+00
   1   3   2   1  0.21027397353991D-14  0.00000000000000D+00
   2   3   2   1  0.74287804132013D-01  0.00000000000000D+00
   3   3   2   1 -0.19463200676780D-14  0.00000000000000D+00
   1   4   2   1  0.84527483436569D-15  0.00000000000000D+00
   2   4   2   1 -0.19263882983457D+01  0.00000000000000D+00
   3   4   2   1 -0.66982044703651D-14  0.00000000000000D+00
   1   6   2   1  0.00000000000000D+00  0.00000000000000D+00
   3   6   2   1  0.00000000000000D+00  0.00000000000000D+00
   1   1   3   1  0.16465187215722D-14  0.00000000000000D+00
   2   1   3   1  0.88218567747107D-14  0.00000000000000D+00
   3   1   3   1  0.36551668795360D+01  0.00000000000000D+00
   1   2   3   1  0.21076321977014D-14  0.00000000000000D+00
   2   2   3   1 -0.17733223666766D-15  0.00000000000000D+00
   3   2   3   1  0.74287804132410D-01  0.00000000000000D+00
   1   3   3   1 -0.45945332914613D-14  0.00000000000000D+00
   2   3   3   1 -0.19463200676780D-14  0.00000000000000D+00
   3   3   3   1 -0.19263882983445D+01  0.00000000000000D+00
   1   4   3   1  0.84038237218771D-15  0.00000000000000D+00
   2   4   3   1 -0.66982044703651D-14  0.00000000000000D+00
   3   4   3   1 -0.19263882983454D+01  0.00000000000000D+00
   1   6   3   1  0.00000000000000D+00  0.00000000000000D+00
   2   6   3   1  0.00000000000000D+00  0.00000000000000D+00
   1   1   1   2 -0.19263882983460D+01  0.00000000000000D+00
   2   1   1   2 -0.45945316304318D-14  0.00000000000000D+00
   3   1   1   2  0.21076321977014D-14  0.00000000000000D+00
   1   2   1   2  0.36551668795901D+01  0.00000000000000D+00
   2   2   1   2  0.16465170606670D-14  0.00000000000000D+00
   3   2   1   2  0.16465187215722D-14  0.00000000000000D+00
   1   3   1   2  0.74287804132496D-01  0.00000000000000D+00
   2   3   1   2  0.84527483436569D-15  0.00000000000000D+00
   3   3   1   2  0.84038237218771D-15  0.00000000000000D+00
   1   4   1   2 -0.19263882983458D+01  0.00000000000000D+00
   2   4   1   2  0.21027397353991D-14  0.00000000000000D+00
   3   4   1   2 -0.45945332914613D-14  0.00000000000000D+00
   2   6   1   2  0.00000000000000D+00  0.00000000000000D+00
   3   6   1   2  0.00000000000000D+00  0.00000000000000D+00
   1   1   2   2 -0.45945316304318D-14  0.00000000000000D+00
   2   1   2   2 -0.19263882983450D+01  0.00000000000000D+00
   3   1   2   2 -0.17733223666766D-15  0.00000000000000D+00
   1   2   2   2  0.16465170606670D-14  0.00000000000000D+00
   2   2   2   2  0.36551668795937D+01  0.00000000000000D+00
   3   2   2   2  0.88218567747107D-14  0.00000000000000D+00
   1   3   2   2  0.84527483436569D-15  0.00000000000000D+00
   2   3   2   2 -0.19263882983457D+01  0.00000000000000D+00
   3   3   2   2 -0.66982044703651D-14  0.00000000000000D+00
   1   4   2   2  0.21027397353991D-14  0.00000000000000D+00
   2   4   2   2  0.74287804132069D-01  0.00000000000000D+00
   3   4   2   2 -0.19463200676780D-14  0.00000000000000D+00
   1   6   2   2  0.00000000000000D+00  0.00000000000000D+00
   3   6   2   2  0.00000000000000D+00  0.00000000000000D+00
   1   1   3   2  0.21076321977014D-14  0.00000000000000D+00
   2   1   3   2 -0.17733223666766D-15  0.00000000000000D+00
   3   1   3   2  0.74287804132410D-01  0.00000000000000D+00
   1   2   3   2  0.16465187215722D-14  0.00000000000000D+00
   2   2   3   2  0.88218567747107D-14  0.00000000000000D+00
   3   2   3   2  0.36551668795360D+01  0.00000000000000D+00
   1   3   3   2  0.84038237218771D-15  0.00000000000000D+00
   2   3   3   2 -0.66982044703651D-14  0.00000000000000D+00
   3   3   3   2 -0.19263882983454D+01  0.00000000000000D+00
   1   4   3   2 -0.45945332914613D-14  0.00000000000000D+00
   2   4   3   2 -0.19463200676780D-14  0.00000000000000D+00
   3   4   3   2 -0.19263882983445D+01  0.00000000000000D+00
   1   6   3   2  0.00000000000000D+00  0.00000000000000D+00
   2   6   3   2  0.00000000000000D+00  0.00000000000000D+00
   1   1   1   3 -0.19263882983458D+01  0.00000000000000D+00
   2   1   1   3  0.21027397353991D-14  0.00000000000000D+00
   3   1   1   3 -0.45945332914613D-14  0.00000000000000D+00
   1   2   1   3  0.74287804132496D-01  0.00000000000000D+00
   2   2   1   3  0.84527483436569D-15  0.00000000000000D+00
   3   2   1   3  0.84038237218771D-15  0.00000000000000D+00
   1   3   1   3  0.36551668795901D+01  0.00000000000000D+00
   2   3   1   3  0.16465170606670D-14  0.00000000000000D+00
   3   3   1   3  0.16465187215722D-14  0.00000000000000D+00
   1   4   1   3 -0.19263882983459D+01  0.00000000000000D+00
   2   4   1   3 -0.45945316304318D-14  0.00000000000000D+00
   3   4   1   3  0.21076321977014D-14  0.00000000000000D+00
   2   6   1   3  0.00000000000000D+00  0.00000000000000D+00
   3   6   1   3  0.00000000000000D+00  0.00000000000000D+00
   1   1   2   3  0.21027397353991D-14  0.00000000000000D+00
   2   1   2   3  0.74287804132013D-01  0.00000000000000D+00
   3   1   2   3 -0.19463200676780D-14  0.00000000000000D+00
   1   2   2   3  0.84527483436569D-15  0.00000000000000D+00
   2   2   2   3 -0.19263882983457D+01  0.00000000000000D+00
   3   2   2   3 -0.66982044703651D-14  0.00000000000000D+00
   1   3   2   3  0.16465170606670D-14  0.00000000000000D+00
   2   3   2   3  0.36551668795901D+01  0.00000000000000D+00
   3   3   2   3  0.88218567747107D-14  0.00000000000000D+00
   1   4   2   3 -0.45945316304318D-14  0.00000000000000D+00
   2   4   2   3 -0.19263882983450D+01  0.00000000000000D+00
   3   4   2   3 -0.17733223666766D-15  0.00000000000000D+00
   1   6   2   3  0.00000000000000D+00  0.00000000000000D+00
   3   6   2   3  0.00000000000000D+00  0.00000000000000D+00
   1   1   3   3 -0.45945332914613D-14  0.00000000000000D+00
   2   1   3   3 -0.19463200676780D-14  0.00000000000000D+00
   3   1   3   3 -0.19263882983445D+01  0.00000000000000D+00
   1   2   3   3  0.84038237218771D-15  0.00000000000000D+00
   2   2   3   3 -0.66982044703651D-14  0.00000000000000D+00
   3   2   3   3 -0.19263882983454D+01  0.00000000000000D+00
   1   3   3   3  0.16465187215722D-14  0.00000000000000D+00
   2   3   3   3  0.88218567747107D-14  0.00000000000000D+00
   3   3   3   3  0.36551668795378D+01  0.00000000000000D+00
   1   4   3   3  0.21076321977014D-14  0.00000000000000D+00
   2   4   3   3 -0.17733223666766D-15  0.00000000000000D+00
   3   4   3   3  0.74287804132439D-01  0.00000000000000D+00
   1   6   3   3  0.00000000000000D+00  0.00000000000000D+00
   2   6   3   3  0.00000000000000D+00  0.00000000000000D+00
   1   1   1   4  0.74287804132496D-01  0.00000000000000D+00
   2   1   1   4  0.84527483436569D-15  0.00000000000000D+00
   3   1   1   4  0.84038237218771D-15  0.00000000000000D+00
   1   2   1   4 -0.19263882983458D+01  0.00000000000000D+00
   2   2   1   4  0.21027397353991D-14  0.00000000000000D+00
   3   2   1   4 -0.45945332914613D-14  0.00000000000000D+00
   1   3   1   4 -0.19263882983459D+01  0.00000000000000D+00
   2   3   1   4 -0.45945316304318D-14  0.00000000000000D+00
   3   3   1   4  0.21076321977014D-14  0.00000000000000D+00
   1   4   1   4  0.36551668795919D+01  0.00000000000000D+00
   2   4   1   4  0.16465170606670D-14  0.00000000000000D+00
   3   4   1   4  0.16465187215722D-14  0.00000000000000D+00
   2   6   1   4  0.00000000000000D+00  0.00000000000000D+00
   3   6   1   4  0.00000000000000D+00  0.00000000000000D+00
   1   1   2   4  0.84527483436569D-15  0.00000000000000D+00
   2   1   2   4 -0.19263882983457D+01  0.00000000000000D+00
   3   1   2   4 -0.66982044703651D-14  0.00000000000000D+00
   1   2   2   4  0.21027397353991D-14  0.00000000000000D+00
   2   2   2   4  0.74287804132069D-01  0.00000000000000D+00
   3   2   2   4 -0.19463200676780D-14  0.00000000000000D+00
   1   3   2   4 -0.45945316304318D-14  0.00000000000000D+00
   2   3   2   4 -0.19263882983450D+01  0.00000000000000D+00
   3   3   2   4 -0.17733223666766D-15  0.00000000000000D+00
   1   4   2   4  0.16465170606670D-14  0.00000000000000D+00
   2   4   2   4  0.36551668795901D+01  0.00000000000000D+00
   3   4   2   4  0.88218567747107D-14  0.00000000000000D+00
   1   6   2   4  0.00000000000000D+00  0.00000000000000D+00
   3   6   2   4  0.00000000000000D+00  0.00000000000000D+00
   1   1   3   4  0.84038237218771D-15  0.00000000000000D+00
   2   1   3   4 -0.66982044703651D-14  0.00000000000000D+00
   3   1   3   4 -0.19263882983454D+01  0.00000000000000D+00
   1   2   3   4 -0.45945332914613D-14  0.00000000000000D+00
   2   2   3   4 -0.19463200676780D-14  0.00000000000000D+00
   3   2   3   4 -0.19263882983445D+01  0.00000000000000D+00
   1   3   3   4  0.21076321977014D-14  0.00000000000000D+00
   2   3   3   4 -0.17733223666766D-15  0.00000000000000D+00
   3   3   3   4  0.74287804132439D-01  0.00000000000000D+00
   1   4   3   4  0.16465187215722D-14  0.00000000000000D+00
   2   4   3   4  0.88218567747107D-14  0.00000000000000D+00
   3   4   3   4  0.36551668795378D+01  0.00000000000000D+00
   1   6   3   4  0.00000000000000D+00  0.00000000000000D+00
   2   6   3   4  0.00000000000000D+00  0.00000000000000D+00
   2   1   1   6  0.00000000000000D+00  0.00000000000000D+00
   3   1   1   6  0.00000000000000D+00  0.00000000000000D+00
   2   2   1   6  0.00000000000000D+00  0.00000000000000D+00
   3   2   1   6  0.00000000000000D+00  0.00000000000000D+00
   2   3   1   6  0.00000000000000D+00  0.00000000000000D+00
   3   3   1   6  0.00000000000000D+00  0.00000000000000D+00
   2   4   1   6  0.00000000000000D+00  0.00000000000000D+00
   3   4   1   6  0.00000000000000D+00  0.00000000000000D+00
   2   6   1   6  0.00000000000000D+00  0.00000000000000D+00
   3   6   1   6  0.00000000000000D+00  0.00000000000000D+00
   1   1   2   6  0.00000000000000D+00  0.00000000000000D+00
   3   1   2   6  0.00000000000000D+00  0.00000000000000D+00
   1   2   2   6  0.00000000000000D+00  0.00000000000000D+00
   3   2   2   6  0.00000000000000D+00  0.00000000000000D+00
   1   3   2   6  0.00000000000000D+00  0.00000000000000D+00
   3   3   2   6  0.00000000000000D+00  0.00000000000000D+00
   1   4   2   6  0.00000000000000D+00  0.00000000000000D+00
   3   4   2   6  0.00000000000000D+00  0.00000000000000D+00
   1   6   2   6  0.00000000000000D+00  0.00000000000000D+00
   3   6   2   6  0.00000000000000D+00  0.00000000000000D+00
   1   1   3   6  0.00000000000000D+00  0.00000000000000D+00
   2   1   3   6  0.00000000000000D+00  0.00000000000000D+00
   1   2   3   6  0.00000000000000D+00  0.00000000000000D+00
   2   2   3   6  0.00000000000000D+00  0.00000000000000D+00
   1   3   3   6  0.00000000000000D+00  0.00000000000000D+00
   2   3   3   6  0.00000000000000D+00  0.00000000000000D+00
   1   4   3   6  0.00000000000000D+00  0.00000000000000D+00
   2   4   3   6  0.00000000000000D+00  0.00000000000000D+00
   1   6   3   6  0.00000000000000D+00  0.00000000000000D+00
   2   6   3   6  0.00000000000000D+00  0.00000000000000D+00
  
 2nd derivatives (non-stat.)  - # elements :     144
 qpt  5.00000000E-01  0.00000000E+00  0.00000000E+00   1.0
   1   1   1   1  0.38443044668702D+01  0.00000000000000D+00
   2   1   1   1 -0.10350911218684D-12  0.59151279131846D-13
   3   1   1   1  0.70364832853840D-14  0.00000000000000D+00
   1   2   1   1  0.47657200400393D-13 -0.27294701792094D-13
   2   2   1   1 -0.30134986460892D-13  0.77987593321438D-14
   3   2   1   1  0.68729695911307D-17  0.36773696219008D-14
   1   3   1   1  0.47657200305910D-13 -0.27723742761195D-13
   2   3   1   1 -0.19045649944047D-17 -0.57963331978456D-14
   3   3   1   1 -0.15258589815286D-13  0.55319377689246D-14
   1   4   1   1  0.36307017288800D+00  0.85489216075175D-07
   2   4   1   1 -0.54565347848318D-13 -0.24971567683430D-13
   3   4   1   1 -0.49033683719344D-14  0.00000000000000D+00
   1   1   2   1 -0.10350911218684D-12 -0.59151279131846D-13
   2   1   2   1  0.36378686843268D+01  0.00000000000000D+00
   3   1   2   1 -0.55069100092689D-13 -0.36709895474263D-14
   1   2   2   1 -0.30134986460892D-13  0.77987593321438D-14
   2   2   2   1 -0.24518389634729D-13 -0.53088297379844D-14
   3   2   2   1 -0.13179983577250D-17 -0.10698309605600D-15
   1   3   2   1 -0.19045649944047D-17 -0.57963331978456D-14
   2   3   2   1  0.16551854491584D-13 -0.23282786924794D-14
   3   3   2   1 -0.13179890294646D-17 -0.10698321774241D-15
   1   4   2   1 -0.54565347848318D-13  0.24971567683430D-13
   2   4   2   1 -0.18299229587022D+01 -0.10483094233599D-06
   3   4   2   1 -0.70580467930032D-14 -0.31042407994821D-14
   1   1   3   1  0.70364832853840D-14  0.00000000000000D+00
   2   1   3   1 -0.55069100092689D-13  0.36709895474263D-14
   3   1   3   1  0.36378686843182D+01  0.00000000000000D+00
   1   2   3   1  0.68729695911303D-17  0.36773696219008D-14
   2   2   3   1 -0.13179983577251D-17 -0.10698309605600D-15
   3   2   3   1  0.16551854402925D-13 -0.23283381002229D-14
   1   3   3   1 -0.15258589815286D-13  0.55319377689246D-14
   2   3   3   1 -0.13179890294646D-17 -0.10698321774241D-15
   3   3   3   1 -0.24518389886683D-13 -0.53089154056788D-14
   1   4   3   1 -0.49033683719344D-14  0.00000000000000D+00
   2   4   3   1 -0.70580467930032D-14  0.31042407994821D-14
   3   4   3   1 -0.18299229587022D+01  0.10483094233599D-06
   1   1   1   2  0.47657200400393D-13  0.27294701792094D-13
   2   1   1   2 -0.30134986460892D-13 -0.77987593321438D-14
   3   1   1   2  0.68729695911303D-17 -0.36773696219008D-14
   1   2   1   2  0.38443044668720D+01  0.00000000000000D+00
   2   2   1   2 -0.10350911218684D-12  0.59151279131846D-13
   3   2   1   2  0.70364832853840D-14  0.00000000000000D+00
   1   3   1   2  0.36307017288800D+00  0.85489216075175D-07
   2   3   1   2 -0.54565347848318D-13 -0.24971567683430D-13
   3   3   1   2 -0.49033683719344D-14  0.00000000000000D+00
   1   4   1   2  0.47530546267889D-13  0.27723742761195D-13
   2   4   1   2  0.19045649944034D-17  0.57963331978456D-14
   3   4   1   2  0.15258589815286D-13 -0.55319377689246D-14
   1   1   2   2 -0.30134986460892D-13 -0.77987593321438D-14
   2   1   2   2 -0.24518389634729D-13  0.53088297379844D-14
   3   1   2   2 -0.13179983577251D-17  0.10698309605600D-15
   1   2   2   2 -0.10350911218684D-12 -0.59151279131846D-13
   2   2   2   2  0.36378686843250D+01  0.00000000000000D+00
   3   2   2   2 -0.55069100092689D-13 -0.36709895474263D-14
   1   3   2   2 -0.54565347848318D-13  0.24971567683430D-13
   2   3   2   2 -0.18299229587022D+01 -0.10483094233599D-06
   3   3   2   2 -0.70580467930032D-14 -0.31042407994821D-14
   1   4   2   2  0.19045649944051D-17  0.57963331978456D-14
   2   4   2   2  0.16012374599452D-13  0.23282786924794D-14
   3   4   2   2  0.13179890294647D-17  0.10698321774241D-15
   1   1   3   2  0.68729695911307D-17 -0.36773696219008D-14
   2   1   3   2 -0.13179983577250D-17  0.10698309605600D-15
   3   1   3   2  0.16551854402925D-13  0.23283381002229D-14
   1   2   3   2  0.70364832853840D-14  0.00000000000000D+00
   2   2   3   2 -0.55069100092689D-13  0.36709895474263D-14
   3   2   3   2  0.36378686843182D+01  0.00000000000000D+00
   1   3   3   2 -0.49033683719344D-14  0.00000000000000D+00
   2   3   3   2 -0.70580467930032D-14  0.31042407994821D-14
   3   3   3   2 -0.18299229587022D+01  0.10483094233599D-06
   1   4   3   2  0.15258589815286D-13 -0.55319377689246D-14
   2   4   3   2  0.13179890294647D-17  0.10698321774241D-15
   3   4   3   2 -0.25580424099527D-13  0.53089154056788D-14
   1   1   1   3  0.47657200305910D-13  0.27723742761195D-13
   2   1   1   3 -0.19045649944047D-17  0.57963331978456D-14
   3   1   1   3 -0.15258589815286D-13 -0.55319377689246D-14
   1   2   1   3  0.36307017288800D+00 -0.85489216075175D-07
   2   2   1   3 -0.54565347848318D-13 -0.24971567683430D-13
   3   2   1   3 -0.49033683719344D-14  0.00000000000000D+00
   1   3   1   3  0.38443044668702D+01  0.00000000000000D+00
   2   3   1   3 -0.10350911218684D-12  0.59151279131846D-13
   3   3   1   3  0.70364832853840D-14  0.00000000000000D+00
   1   4   1   3  0.47530546173407D-13  0.27294701792094D-13
   2   4   1   3  0.30134986460892D-13 -0.77987593321438D-14
   3   4   1   3 -0.68729695911305D-17 -0.36773696219008D-14
   1   1   2   3 -0.19045649944047D-17  0.57963331978456D-14
   2   1   2   3  0.16551854491584D-13  0.23282786924794D-14
   3   1   2   3 -0.13179890294646D-17  0.10698321774241D-15
   1   2   2   3 -0.54565347848318D-13  0.24971567683430D-13
   2   2   2   3 -0.18299229587022D+01  0.10483094233599D-06
   3   2   2   3 -0.70580467930032D-14 -0.31042407994821D-14
   1   3   2   3 -0.10350911218684D-12 -0.59151279131846D-13
   2   3   2   3  0.36378686843250D+01  0.00000000000000D+00
   3   3   2   3 -0.55069100092689D-13 -0.36709895474263D-14
   1   4   2   3  0.30134986460892D-13 -0.77987593321438D-14
   2   4   2   3 -0.25580424351481D-13  0.53088297379845D-14
   3   4   2   3  0.13179983577251D-17  0.10698309605600D-15
   1   1   3   3 -0.15258589815286D-13 -0.55319377689246D-14
   2   1   3   3 -0.13179890294646D-17  0.10698321774241D-15
   3   1   3   3 -0.24518389886683D-13  0.53089154056788D-14
   1   2   3   3 -0.49033683719344D-14  0.00000000000000D+00
   2   2   3   3 -0.70580467930032D-14  0.31042407994821D-14
   3   2   3   3 -0.18299229587022D+01  0.10483094233599D-06
   1   3   3   3  0.70364832853840D-14  0.00000000000000D+00
   2   3   3   3 -0.55069100092689D-13  0.36709895474263D-14
   3   3   3   3  0.36378686843182D+01  0.00000000000000D+00
   1   4   3   3 -0.68729695911313D-17 -0.36773696219008D-14
   2   4   3   3  0.13179983577251D-17  0.10698309605600D-15
   3   4   3   3  0.16012374688112D-13  0.23283381002229D-14
   1   1   1   4  0.36307017288800D+00 -0.85489216075175D-07
   2   1   1   4 -0.54565347848318D-13 -0.24971567683430D-13
   3   1   1   4 -0.49033683719344D-14  0.00000000000000D+00
   1   2   1   4  0.47530546267889D-13 -0.27723742761195D-13
   2   2   1   4  0.19045649944051D-17 -0.57963331978456D-14
   3   2   1   4  0.15258589815286D-13  0.55319377689246D-14
   1   3   1   4  0.47530546173407D-13 -0.27294701792094D-13
   2   3   1   4  0.30134986460892D-13  0.77987593321438D-14
   3   3   1   4 -0.68729695911313D-17  0.36773696219008D-14
   1   4   1   4  0.38443044668738D+01  0.00000000000000D+00
   2   4   1   4 -0.10350911218684D-12  0.59151279131846D-13
   3   4   1   4  0.70364832853840D-14  0.00000000000000D+00
   1   1   2   4 -0.54565347848318D-13  0.24971567683430D-13
   2   1   2   4 -0.18299229587022D+01  0.10483094233599D-06
   3   1   2   4 -0.70580467930032D-14 -0.31042407994821D-14
   1   2   2   4  0.19045649944034D-17 -0.57963331978456D-14
   2   2   2   4  0.16012374599452D-13 -0.23282786924794D-14
   3   2   2   4  0.13179890294647D-17 -0.10698321774241D-15
   1   3   2   4  0.30134986460892D-13  0.77987593321438D-14
   2   3   2   4 -0.25580424351481D-13 -0.53088297379845D-14
   3   3   2   4  0.13179983577251D-17 -0.10698309605600D-15
   1   4   2   4 -0.10350911218684D-12 -0.59151279131846D-13
   2   4   2   4  0.36378686843250D+01  0.00000000000000D+00
   3   4   2   4 -0.55069100092689D-13 -0.36709895474263D-14
   1   1   3   4 -0.49033683719344D-14  0.00000000000000D+00
   2   1   3   4 -0.70580467930032D-14  0.31042407994821D-14
   3   1   3   4 -0.18299229587022D+01  0.10483094233599D-06
   1   2   3   4  0.15258589815286D-13  0.55319377689246D-14
   2   2   3   4  0.13179890294647D-17 -0.10698321774241D-15
   3   2   3   4 -0.25580424099527D-13 -0.53089154056788D-14
   1   3   3   4 -0.68729695911305D-17  0.36773696219008D-14
   2   3   3   4  0.13179983577251D-17 -0.10698309605600D-15
   3   3   3   4  0.16012374688112D-13 -0.23283381002229D-14
   1   4   3   4  0.70364832853840D-14  0.00000000000000D+00
   2   4   3   4 -0.55069100092689D-13  0.36709895474263D-14
   3   4   3   4  0.36378686843163D+01  0.00000000000000D+00
  
 2nd derivatives (non-stat.)  - # elements :     144
 qpt  5.00000000E-01  5.00000000E-01  0.00000000E+00   1.0
   1   1   1   1  0.37618149215859D+01  0.00000000000000D+00
   2   1   1   1  0.65269653799327D-15  0.00000000000000D+00
   3   1   1   1 -0.52858360626595D-13 -0.17823535871857D-13
   1   2   1   1 -0.24440598169550D-14  0.00000000000000D+00
   2   2   1   1 -0.22131757311297D+01  0.26575802226394D-13
   3   2   1   1 -0.16925511845568D-13  0.15287875844093D-13
   1   3   1   1  0.27615777926738D-13 -0.79376676243856D-14
   2   3   1   1 -0.37412471421790D-17  0.34441695922391D-14
   3   3   1   1 -0.37176416069079D-13 -0.17119998216941D-14
   1   4   1   1  0.36953185209287D-13 -0.16584625521081D-13
   2   4   1   1 -0.11211441122777D-17 -0.16161815713184D-14
   3   4   1   1 -0.11211439869107D-17  0.16160085601243D-15
   1   1   2   1  0.65269653799327D-15  0.00000000000000D+00
   2   1   2   1  0.37618149215605D+01  0.00000000000000D+00
   3   1   2   1 -0.94064828901020D-13  0.20585055434112D-14
   1   2   2   1 -0.22131757311297D+01  0.26575802280988D-13
   2   2   2   1  0.53101735255809D-15  0.00000000000000D+00
   3   2   2   1 -0.22518657735971D-13  0.19017568620809D-13
   1   3   2   1 -0.37412471421806D-17  0.34441695922391D-14
   2   3   2   1  0.36590071271263D-13  0.38275263006155D-14
   3   3   2   1  0.13179890294638D-17  0.14896775524063D-14
   1   4   2   1 -0.11211441122779D-17 -0.16161815713184D-14
   2   4   2   1  0.27449892054673D-13 -0.48009252845375D-13
   3   4   2   1 -0.27902613133825D-13 -0.46298124542718D-14
   1   1   3   1 -0.52858360626595D-13  0.17823535871857D-13
   2   1   3   1 -0.94064828901020D-13 -0.20585055434112D-14
   3   1   3   1  0.36017591869954D+01  0.00000000000000D+00
   1   2   3   1 -0.16925511845568D-13 -0.15287875844093D-13
   2   2   3   1 -0.22518657735971D-13 -0.19017568620809D-13
   3   2   3   1  0.16132146967636D-12 -0.17312057080308D-12
   1   3   3   1 -0.37176416069079D-13 -0.17119998216941D-14
   2   3   3   1  0.13179890294646D-17  0.14896775524063D-14
   3   3   3   1 -0.24518762551197D-13 -0.74754246412936D-14
   1   4   3   1 -0.11211439869105D-17  0.16160085601243D-15
   2   4   3   1 -0.27902613133825D-13 -0.46298124542718D-14
   3   4   3   1 -0.22391855728414D-13 -0.14432390070231D-13
   1   1   1   2 -0.24440598169550D-14  0.00000000000000D+00
   2   1   1   2 -0.22131757311297D+01 -0.26575802280988D-13
   3   1   1   2 -0.16925511845568D-13  0.15287875844093D-13
   1   2   1   2  0.37618149215878D+01  0.00000000000000D+00
   2   2   1   2  0.65269653799328D-15  0.00000000000000D+00
   3   2   1   2 -0.52858360626595D-13 -0.17823535871857D-13
   1   3   1   2  0.35690095070718D-13  0.16584625521081D-13
   2   3   1   2  0.11211441122812D-17  0.16161815713184D-14
   3   3   1   2  0.11211439869104D-17 -0.16160085601243D-15
   1   4   1   2  0.27492917458093D-13  0.79376676243856D-14
   2   4   1   2  0.37412471421810D-17 -0.34441695922391D-14
   3   4   1   2  0.37176416069079D-13  0.17119998216941D-14
   1   1   2   2 -0.22131757311297D+01 -0.26575802226394D-13
   2   1   2   2  0.53101735255809D-15  0.00000000000000D+00
   3   1   2   2 -0.22518657735971D-13  0.19017568620809D-13
   1   2   2   2  0.65269653799328D-15  0.00000000000000D+00
   2   2   2   2  0.37618149215587D+01  0.00000000000000D+00
   3   2   2   2 -0.94064828901020D-13  0.20585055434112D-14
   1   3   2   2  0.11211441122799D-17  0.16161815713184D-14
   2   3   2   2  0.27658803330158D-13  0.48009252845375D-13
   3   3   2   2  0.27902613133825D-13  0.46298124542718D-14
   1   4   2   2  0.37412471421806D-17 -0.34441695922391D-14
   2   4   2   2  0.36053209008742D-13 -0.38275263006155D-14
   3   4   2   2 -0.13179890294649D-17 -0.14896775524063D-14
   1   1   3   2 -0.16925511845568D-13 -0.15287875844093D-13
   2   1   3   2 -0.22518657735971D-13 -0.19017568620809D-13
   3   1   3   2  0.16132146967636D-12  0.17312057080308D-12
   1   2   3   2 -0.52858360626595D-13  0.17823535871857D-13
   2   2   3   2 -0.94064828901020D-13 -0.20585055434112D-14
   3   2   3   2  0.36017591869972D+01  0.00000000000000D+00
   1   3   3   2  0.11211439869102D-17 -0.16160085601243D-15
   2   3   3   2  0.27902613133825D-13  0.46298124542718D-14
   3   3   3   2 -0.22697076859175D-13  0.14432390070231D-13
   1   4   3   2  0.37176416069079D-13  0.17119998216941D-14
   2   4   3   2 -0.13179890294655D-17 -0.14896775524063D-14
   3   4   3   2 -0.25580051435013D-13  0.74754246412936D-14
   1   1   1   3  0.27615777926738D-13  0.79376676243856D-14
   2   1   1   3 -0.37412471421806D-17 -0.34441695922391D-14
   3   1   1   3 -0.37176416069079D-13  0.17119998216941D-14
   1   2   1   3  0.35690095070718D-13 -0.16584625521081D-13
   2   2   1   3  0.11211441122799D-17 -0.16161815713184D-14
   3   2   1   3  0.11211439869102D-17  0.16160085601243D-15
   1   3   1   3  0.37618149215873D+01  0.00000000000000D+00
   2   3   1   3  0.65269653799327D-15  0.00000000000000D+00
   3   3   1   3 -0.52858360626595D-13 -0.17823535871857D-13
   1   4   1   3  0.24440598169550D-14  0.00000000000000D+00
   2   4   1   3  0.22131757311297D+01  0.00000000000000D+00
   3   4   1   3  0.16925511845568D-13 -0.15287875844093D-13
   1   1   2   3 -0.37412471421790D-17 -0.34441695922391D-14
   2   1   2   3  0.36590071271263D-13 -0.38275263006155D-14
   3   1   2   3  0.13179890294646D-17 -0.14896775524063D-14
   1   2   2   3  0.11211441122812D-17 -0.16161815713184D-14
   2   2   2   3  0.27658803330158D-13 -0.48009252845375D-13
   3   2   2   3  0.27902613133825D-13 -0.46298124542718D-14
   1   3   2   3  0.65269653799327D-15  0.00000000000000D+00
   2   3   2   3  0.37618149215587D+01  0.00000000000000D+00
   3   3   2   3 -0.94064828901020D-13  0.20585055434112D-14
   1   4   2   3  0.22131757311297D+01  0.00000000000000D+00
   2   4   2   3 -0.53101735255809D-15  0.00000000000000D+00
   3   4   2   3  0.22518657735971D-13 -0.19017568620809D-13
   1   1   3   3 -0.37176416069079D-13  0.17119998216941D-14
   2   1   3   3  0.13179890294638D-17 -0.14896775524063D-14
   3   1   3   3 -0.24518762551197D-13  0.74754246412936D-14
   1   2   3   3  0.11211439869104D-17  0.16160085601243D-15
   2   2   3   3  0.27902613133825D-13 -0.46298124542718D-14
   3   2   3   3 -0.22697076859175D-13 -0.14432390070231D-13
   1   3   3   3 -0.52858360626595D-13  0.17823535871857D-13
   2   3   3   3 -0.94064828901020D-13 -0.20585055434112D-14
   3   3   3   3  0.36017591869991D+01  0.00000000000000D+00
   1   4   3   3  0.16925511845568D-13  0.15287875844093D-13
   2   4   3   3  0.22518657735971D-13  0.19017568620809D-13
   3   4   3   3 -0.16132146967636D-12 -0.17312057080308D-12
   1   1   1   4  0.36953185209287D-13  0.16584625521081D-13
   2   1   1   4 -0.11211441122779D-17  0.16161815713184D-14
   3   1   1   4 -0.11211439869105D-17 -0.16160085601243D-15
   1   2   1   4  0.27492917458093D-13 -0.79376676243856D-14
   2   2   1   4  0.37412471421806D-17  0.34441695922391D-14
   3   2   1   4  0.37176416069079D-13 -0.17119998216941D-14
   1   3   1   4  0.24440598169550D-14  0.00000000000000D+00
   2   3   1   4  0.22131757311297D+01  0.00000000000000D+00
   3   3   1   4  0.16925511845568D-13 -0.15287875844093D-13
   1   4   1   4  0.37618149215891D+01  0.00000000000000D+00
   2   4   1   4  0.65269653799328D-15  0.00000000000000D+00
   3   4   1   4 -0.52858360626595D-13 -0.17823535871857D-13
   1   1   2   4 -0.11211441122777D-17  0.16161815713184D-14
   2   1   2   4  0.27449892054673D-13  0.48009252845375D-13
   3   1   2   4 -0.27902613133825D-13  0.46298124542718D-14
   1   2   2   4  0.37412471421810D-17  0.34441695922391D-14
   2   2   2   4  0.36053209008742D-13  0.38275263006155D-14
   3   2   2   4 -0.13179890294655D-17  0.14896775524063D-14
   1   3   2   4  0.22131757311297D+01  0.00000000000000D+00
   2   3   2   4 -0.53101735255809D-15  0.00000000000000D+00
   3   3   2   4  0.22518657735971D-13 -0.19017568620809D-13
   1   4   2   4  0.65269653799328D-15  0.00000000000000D+00
   2   4   2   4  0.37618149215568D+01  0.00000000000000D+00
   3   4   2   4 -0.94064828901020D-13  0.20585055434112D-14
   1   1   3   4 -0.11211439869107D-17 -0.16160085601243D-15
   2   1   3   4 -0.27902613133825D-13  0.46298124542718D-14
   3   1   3   4 -0.22391855728414D-13  0.14432390070231D-13
   1   2   3   4  0.37176416069079D-13 -0.17119998216941D-14
   2   2   3   4 -0.13179890294649D-17  0.14896775524063D-14
   3   2   3   4 -0.25580051435013D-13 -0.74754246412936D-14
   1   3   3   4  0.16925511845568D-13  0.15287875844093D-13
   2   3   3   4  0.22518657735971D-13  0.19017568620809D-13
   3   3   3   4 -0.16132146967636D-12 -0.17312057080308D-12
   1   4   3   4 -0.52858360626595D-13  0.17823535871857D-13
   2   4   3   4 -0.94064828901020D-13 -0.20585055434112D-14
   3   4   3   4  0.36017591869954D+01  0.00000000000000D+00
  
 2nd derivatives (non-stat.)  - # elements :     144
 qpt  5.00000000E-01  5.00000000E-01  5.00000000E-01   1.0
   1   1   1   1  0.36735135308413D+01  0.00000000000000D+00
   2   1   1   1  0.16528498013218D-15  0.00000000000000D+00
   3   1   1   1  0.41140410090123D-16  0.00000000000000D+00
   1   2   1   1  0.25688176056909D-14  0.00000000000000D+00
   2   2   1   1 -0.21282378274532D+01  0.26545638292660D-13
   3   2   1   1 -0.19401265669816D-14  0.00000000000000D+00
   1   3   1   1  0.25663714690216D-14  0.00000000000000D+00
   2   3   1   1 -0.34681514052830D-13  0.00000000000000D+00
   3   3   1   1 -0.21282378274527D+01  0.26545638288041D-13
   1   4   1   1  0.18840148771239D-14  0.00000000000000D+00
   2   4   1   1  0.21564547315359D-14  0.00000000000000D+00
   3   4   1   1  0.26652708109602D-14  0.00000000000000D+00
   1   1   2   1  0.16528498013218D-15  0.00000000000000D+00
   2   1   2   1  0.36735135307681D+01  0.00000000000000D+00
   3   1   2   1  0.67039047836188D-14  0.00000000000000D+00
   1   2   2   1 -0.21282378274532D+01  0.26545638289454D-13
   2   2   2   1  0.55405283658887D-14  0.00000000000000D+00
   3   2   2   1  0.35141059253102D-14  0.00000000000000D+00
   1   3   2   1 -0.34681514052831D-13  0.00000000000000D+00
   2   3   2   1  0.40258419537962D-14  0.00000000000000D+00
   3   3   2   1  0.29221179959398D-14  0.00000000000000D+00
   1   4   2   1  0.21564547315367D-14  0.00000000000000D+00
   2   4   2   1  0.24004848522433D-14  0.00000000000000D+00
   3   4   2   1 -0.21282378274532D+01  0.26545638293280D-13
   1   1   3   1  0.41140410090123D-16  0.00000000000000D+00
   2   1   3   1  0.67039047836188D-14  0.00000000000000D+00
   3   1   3   1  0.36735135307767D+01  0.00000000000000D+00
   1   2   3   1 -0.19401265669806D-14  0.00000000000000D+00
   2   2   3   1  0.35141059253112D-14  0.00000000000000D+00
   3   2   3   1  0.40258420424558D-14  0.00000000000000D+00
   1   3   3   1 -0.21282378274528D+01  0.26545638291971D-13
   2   3   3   1  0.29221179959387D-14  0.00000000000000D+00
   3   3   3   1  0.55405286085107D-14  0.00000000000000D+00
   1   4   3   1  0.26652708109577D-14  0.00000000000000D+00
   2   4   3   1 -0.21282378274532D+01  0.26545638289213D-13
   3   4   3   1  0.26575452480532D-14  0.00000000000000D+00
   1   1   1   2  0.25688176056909D-14  0.00000000000000D+00
   2   1   1   2 -0.21282378274532D+01 -0.26545638289454D-13
   3   1   1   2 -0.19401265669806D-14  0.00000000000000D+00
   1   2   1   2  0.36735135308468D+01  0.00000000000000D+00
   2   2   1   2  0.16528498013218D-15  0.00000000000000D+00
   3   2   1   2  0.41140410090122D-16  0.00000000000000D+00
   1   3   1   2 -0.18840148771220D-14  0.00000000000000D+00
   2   3   1   2 -0.21564547315382D-14  0.00000000000000D+00
   3   3   1   2 -0.26652708109577D-14  0.00000000000000D+00
   1   4   1   2 -0.25663714690216D-14  0.00000000000000D+00
   2   4   1   2  0.34681514052833D-13  0.00000000000000D+00
   3   4   1   2  0.21282378274527D+01  0.00000000000000D+00
   1   1   2   2 -0.21282378274532D+01 -0.26545638292660D-13
   2   1   2   2  0.55405283658887D-14  0.00000000000000D+00
   3   1   2   2  0.35141059253112D-14  0.00000000000000D+00
   1   2   2   2  0.16528498013218D-15  0.00000000000000D+00
   2   2   2   2  0.36735135307663D+01  0.00000000000000D+00
   3   2   2   2  0.67039047836188D-14  0.00000000000000D+00
   1   3   2   2 -0.21564547315355D-14  0.00000000000000D+00
   2   3   2   2 -0.24004848522433D-14  0.00000000000000D+00
   3   3   2   2  0.21282378274531D+01  0.00000000000000D+00
   1   4   2   2  0.34681514052828D-13  0.00000000000000D+00
   2   4   2   2 -0.40258419537944D-14  0.00000000000000D+00
   3   4   2   2 -0.29221179959395D-14  0.00000000000000D+00
   1   1   3   2 -0.19401265669816D-14  0.00000000000000D+00
   2   1   3   2  0.35141059253102D-14  0.00000000000000D+00
   3   1   3   2  0.40258420424558D-14  0.00000000000000D+00
   1   2   3   2  0.41140410090122D-16  0.00000000000000D+00
   2   2   3   2  0.67039047836188D-14  0.00000000000000D+00
   3   2   3   2  0.36735135307786D+01  0.00000000000000D+00
   1   3   3   2 -0.26652708109602D-14  0.00000000000000D+00
   2   3   3   2  0.21282378274533D+01  0.00000000000000D+00
   3   3   3   2 -0.26575452480532D-14  0.00000000000000D+00
   1   4   3   2  0.21282378274528D+01  0.00000000000000D+00
   2   4   3   2 -0.29221179959390D-14  0.00000000000000D+00
   3   4   3   2 -0.55405286085107D-14  0.00000000000000D+00
   1   1   1   3  0.25663714690216D-14  0.00000000000000D+00
   2   1   1   3 -0.34681514052832D-13  0.00000000000000D+00
   3   1   1   3 -0.21282378274528D+01 -0.26545638291971D-13
   1   2   1   3 -0.18840148771220D-14  0.00000000000000D+00
   2   2   1   3 -0.21564547315357D-14  0.00000000000000D+00
   3   2   1   3 -0.26652708109614D-14  0.00000000000000D+00
   1   3   1   3  0.36735135308463D+01  0.00000000000000D+00
   2   3   1   3  0.16528498013218D-15  0.00000000000000D+00
   3   3   1   3  0.41140410090126D-16  0.00000000000000D+00
   1   4   1   3 -0.25688176056909D-14  0.00000000000000D+00
   2   4   1   3  0.21282378274533D+01  0.00000000000000D+00
   3   4   1   3  0.19401265669810D-14  0.00000000000000D+00
   1   1   2   3 -0.34681514052831D-13  0.00000000000000D+00
   2   1   2   3  0.40258419537962D-14  0.00000000000000D+00
   3   1   2   3  0.29221179959387D-14  0.00000000000000D+00
   1   2   2   3 -0.21564547315381D-14  0.00000000000000D+00
   2   2   2   3 -0.24004848522433D-14  0.00000000000000D+00
   3   2   2   3  0.21282378274533D+01  0.00000000000000D+00
   1   3   2   3  0.16528498013218D-15  0.00000000000000D+00
   2   3   2   3  0.36735135307663D+01  0.00000000000000D+00
   3   3   2   3  0.67039047836188D-14  0.00000000000000D+00
   1   4   2   3  0.21282378274533D+01  0.00000000000000D+00
   2   4   2   3 -0.55405283658887D-14  0.00000000000000D+00
   3   4   2   3 -0.35141059253103D-14  0.00000000000000D+00
   1   1   3   3 -0.21282378274527D+01 -0.26545638288041D-13
   2   1   3   3  0.29221179959398D-14  0.00000000000000D+00
   3   1   3   3  0.55405286085107D-14  0.00000000000000D+00
   1   2   3   3 -0.26652708109576D-14  0.00000000000000D+00
   2   2   3   3  0.21282378274531D+01  0.00000000000000D+00
   3   2   3   3 -0.26575452480532D-14  0.00000000000000D+00
   1   3   3   3  0.41140410090126D-16  0.00000000000000D+00
   2   3   3   3  0.67039047836188D-14  0.00000000000000D+00
   3   3   3   3  0.36735135307786D+01  0.00000000000000D+00
   1   4   3   3  0.19401265669793D-14  0.00000000000000D+00
   2   4   3   3 -0.35141059253087D-14  0.00000000000000D+00
   3   4   3   3 -0.40258420424540D-14  0.00000000000000D+00
   1   1   1   4  0.18840148771239D-14  0.00000000000000D+00
   2   1   1   4  0.21564547315358D-14  0.00000000000000D+00
   3   1   1   4  0.26652708109568D-14  0.00000000000000D+00
   1   2   1   4 -0.25663714690216D-14  0.00000000000000D+00
   2   2   1   4  0.34681514052828D-13  0.00000000000000D+00
   3   2   1   4  0.21282378274528D+01  0.00000000000000D+00
   1   3   1   4 -0.25688176056909D-14  0.00000000000000D+00
   2   3   1   4  0.21282378274533D+01  0.00000000000000D+00
   3   3   1   4  0.19401265669793D-14  0.00000000000000D+00
   1   4   1   4  0.36735135308481D+01  0.00000000000000D+00
   2   4   1   4  0.16528498013218D-15  0.00000000000000D+00
   3   4   1   4  0.41140410090126D-16  0.00000000000000D+00
   1   1   2   4  0.21564547315347D-14  0.00000000000000D+00
   2   1   2   4  0.24004848522433D-14  0.00000000000000D+00
   3   1   2   4 -0.21282378274532D+01 -0.26545638289213D-13
   1   2   2   4  0.34681514052833D-13  0.00000000000000D+00
   2   2   2   4 -0.40258419537944D-14  0.00000000000000D+00
   3   2   2   4 -0.29221179959412D-14  0.00000000000000D+00
   1   3   2   4  0.21282378274533D+01  0.00000000000000D+00
   2   3   2   4 -0.55405283658887D-14  0.00000000000000D+00
   3   3   2   4 -0.35141059253108D-14  0.00000000000000D+00
   1   4   2   4  0.16528498013218D-15  0.00000000000000D+00
   2   4   2   4  0.36735135307645D+01  0.00000000000000D+00
   3   4   2   4  0.67039047836188D-14  0.00000000000000D+00
   1   1   3   4  0.26652708109590D-14  0.00000000000000D+00
   2   1   3   4 -0.21282378274532D+01 -0.26545638293280D-13
   3   1   3   4  0.26575452480532D-14  0.00000000000000D+00
   1   2   3   4  0.21282378274527D+01  0.00000000000000D+00
   2   2   3   4 -0.29221179959374D-14  0.00000000000000D+00
   3   2   3   4 -0.55405286085107D-14  0.00000000000000D+00
   1   3   3   4  0.19401265669810D-14  0.00000000000000D+00
   2   3   3   4 -0.35141059253125D-14  0.00000000000000D+00
   3   3   3   4 -0.40258420424540D-14  0.00000000000000D+00
   1   4   3   4  0.41140410090126D-16  0.00000000000000D+00
   2   4   3   4  0.67039047836188D-14  0.00000000000000D+00
   3   4   3   4  0.36735135307767D+01  0.00000000000000D+00

 List of bloks and their characteristics 
  
 2nd derivatives (non-stat.)  - # elements :     198
 qpt  0.00000000E+00  0.00000000E+00  0.00000000E+00   1.0
  
 2nd derivatives (non-stat.)  - # elements :     144
 qpt  5.00000000E-01  0.00000000E+00  0.00000000E+00   1.0
  
 2nd derivatives (non-stat.)  - # elements :     144
 qpt  5.00000000E-01  5.00000000E-01  0.00000000E+00   1.0
  
 2nd derivatives (non-stat.)  - # elements :     144
 qpt  5.00000000E-01  5.00000000E-01  5.00000000E-01   1.0
